0.00,0.00,0.00,0.00,0.00,0.00,0.00,0.00,0.00,0.00,0,1
.00,0.00,4134.00,10501776.00,144,1
21.00,100773.35,91.21,0.00,0.00,0.00,0.00,0.00,4843.00,10572856.00,56,1
21.05,100773.50,91.20,0.00,0.00,0.00,0.00,0.00,5552.00,10643776.00,64,1
21.07,100774.39,91.13,0.00,0.00,0.00,0.00,0.00,6259.00,10714560.00,192,1
21.09,100773.11,91.24,0.00,0.00,0.00,0.00,0.00,6968.00,10785344.00,64,1
21.09,100771.55,91.36,0.00,0.00,0.00,0.00,0.00,7676.00,10856002.00,66,1
21.09,100765.20,91.90,0.00,0.00,0.00,0.00,0.00,8384.00,10926220.00,140,1
21.10,100765.95,91.83,0.00,0.00,0.00,0.00,0.00,9093.00,10997188.00,196,1
21.11,100764.70,91.94,0.00,0.00,0.00,0.00,0.00,9801.00,11067876.00,228,1
21.12,100765.75,91.85,0.00,0.00,0.00,0.00,0.00,10510.00,11138872.00,56,1
21.13,100766.49,91.52,0.00,0.00,0.00,0.00,0.00,11218.00,11209714.00,242,1
21.13,100770.95,91.41,0.00,0.00,0.00,0.00,0.00,11928.00,11281150.00,254,1
21.13,100769.56,91.53,0.00,0.00,0.00,0.00,0.00,12638.00,11352024.00,216,1
21.14,100770.72,91.43,0.00,0.00,0.00,0.00,0.00,13348.00,11423130.00,154,1
21.15,100766.13,91.82,0.00,0.00,0.00,0.00,0.00,14058.00,11493710.00,78,1
21.16,100764.64,91.94,0.00,0.00,0.00,0.00,0.00,14767.00,11564474.00,186,1
21.16,100759.70,92.36,0.00,0.00,0.00,0.00,0.00,15476.00,11634922.00,234,1
21.16,100753.11,92.90,0.00,0.00,0.00,0.00,0.00,16186.00,11705318.00,230,1
21.17,100753.52,92.87,0.00,0.00,0.00,0.00,0.00,16896.00,11776356.00,100,1
21.17,100755.62,92.70,0.00,0.00,0.00,0.00,0.00,17605.00,11847448.00,24,1
21.18,100748.89,93.26,0.00,0.00,0.00,0.00,0.00,18314.00,11917734.00,166,1
21.18,100752.64,92.94,0.00,0.00,0.00,0.00,0.00,19023.00,11988978.00,242,1
21.17,100751.70,93.02,0.00,0.00,0.00,0.00,0.00,19733.00,12059890.00,242,1
21.16,100750.68,93.11,0.00,0.00,0.00,0.00,0.00,20444.00,12130896.00,80,1
21.17,100752.84,92.93,0.00,0.00,0.00,0.00,0.00,21152.00,12201896.00,168,1
21.18,100753.86,92.84,0.00,0.00,0.00,0.00,0.00,21862.00,12272988.00,92,1
21.19,100753.26,92.89,0.00,0.00,0.00,0.00,0.00,22571.00,12343834.00,26,1
21.19,100756.36,92.64,0.00,0.00,0.00,0.00,0.00,23279.00,12414918.00,198,1
21.19,100752.98,92.92,0.00,0.00,0.00,0.00,0.00,23989.00,12485610.00,234,1
21.18,100754.06,92.83,0.00,0.00,0.00,0.00,0.00,24698.00,12556608.00,64,1
21.18,100757.41,92.55,0.00,0.00,0.00,0.00,0.00,25407.00,12627814.00,102,1
21.17,100759.50,92.37,0.00,0.00,0.00,0.00,0.00,26117.00,12699006.00,126,1
21.16,100759.03,92.41,0.00,0.00,0.00,0.00,0.00,26826.00,12769860.00,68,1
21.16,100756.16,92.82,0.00,0.00,0.00,0.00,0.00,27535.00,12840514.00,66,1
21.14,100753.92,92.84,0.00,0.00,0.00,0.00,0.00,28243.00,12911090.00,242,1
21.11,100757.50,92.54,0.00,0.00,0.00,0.00,0.00,28954.00,12982516.00,244,1
21.12,100758.48,92.46,0.00,0.00,0.00,0.00,0.00,29664.00,13053606.00,166,1
21.11,100757.33,92.55,0.00,0.00,0.00,0.00,0.00,30373.00,13124400.00,48,1
21.12,100758.66,92.44,0.00,0.00,0.00,0.00,0.00,31082.00,13195422.00,158,1
21.11,100760.91,92.25,0.00,0.00,0.00,0.00,0.00,31792.00,13266628.00,196,1
21.08,100759.52,92.37,0.00,0.00,0.00,0.00,0.00,32501.00,13337398.00,54,1
21.07,100758.81,92.43,0.00,0.00,0.00,0.00,0.00,33210.00,13408232.00,232,1
21.07,100761.20,92.23,0.00,0.00,0.00,0.00,0.00,33920.00,13479450.00,26,1
21.04,100759.88,92.34,0.00,0.00,0.00,0.00,0.00,34628.00,13550126.00,46,1
21.02,100758.99,92.41,0.00,0.00,0.00,0.00,0.00,35337.00,13620944.00,208,1
21.01,100753.02,92.91,0.00,0.00,0.00,0.00,0.00,36046.00,13691294.00,158,1
20.98,100758.81,92.43,0.00,0.00,0.00,0.00,0.00,36757.00,13762922.00,106,1
20.97,100754.32,92.80,0.00,0.00,0.00,0.00,0.00,37467.00,13833510.00,38,1
20.95,100754.58,92.78,0.00,0.00,0.00,0.00,0.00,38175.00,13904332.00,204,1
20.91,100758.56,92.45,0.00,0.00,0.00,0.00,0.00,38885.00,13975692.00,140,1
20.91,100760.75,92.27,0.00,0.00,0.00,0.00,0.00,39595.00,14046892.00,172,1
20.89,100757.47,92.54,0.00,0.00,0.00,0.00,0.00,40304.00,14117492.00,116,1
20.87,100756.89,92.59,0.00,0.00,0.00,0.00,0.00,41014.00,14188434.00,146,1
20.83,100755.22,92.73,4.89,0.00,0.00,0.00,4.89,41723.00,14260156.00,188,1
20.80,100757.72,92.52,9.78,0.00,0.00,0.00,9.78,42434.00,14332460.00,44,1
20.77,100760.67,92.27,4.89,0.00,9.78,0.00,9.78,43143.00,14404116.00,20,1
20.72,100755.39,92.71,19.55,0.00,9.78,0.00,19.55,43851.00,14476870.00,70,1
20.66,100757.73,92.52,9.78,0.00,39.10,4.89,39.10,44562.00,14552578.00,2,1
20.61,100760.74,92.27,9.78,0.00,166.18,9.78,166.18,45273.00,14649854.00,254,1
20.60,100761.52,92.20,14.66,0.00,200.39,14.66,200.39,45986.00,14729044.00,84,1
20.62,100756.36,92.64,14.66,0.00,195.50,29.33,195.50,46702.00,14800660.00,20,1
20.61,100756.83,92.60,14.66,0.00,215.05,34.21,215.05,47417.00,14876602.00,186,1
20.60,100756.28,92.64,14.66,0.00,219.94,19.55,219.94,48134.00,14947762.00,178,1
20.60,100756.45,92.63,14.66,0.00,205.28,9.78,205.28,48849.00,15015370.00,202,1
20.58,100756.38,92.63,14.66,0.00,205.28,9.78,205.28,49565.00,15086960.00,112,1
20.54,100755.28,92.73,14.66,0.00,205.28,9.78,205.28,50280.00,15158356.00,84,1
20.47,100756.70,92.61,9.78,0.00,205.28,9.78,205.28,50995.00,15229490.00,50,1
20.40,100757.27,92.56,14.66,0.00,195.50,9.78,195.50,51707.00,15299268.00,196,1
20.37,100760.46,92.29,14.66,0.00,180.84,9.78,180.84,52423.00,15368226.00,34,1
20.35,100757.08,92.57,14.66,0.00,166.18,9.78,166.18,53137.00,15436382.00,94,1
20.34,100757.11,92.57,9.78,0.00,195.50,4.89,195.50,53852.00,15512770.00,194,1
20.32,100760.40,92.30,9.78,0.00,205.28,9.78,205.28,54565.00,15586812.00,252,1
20.29,100761.44,92.21,9.78,0.00,200.39,9.78,200.39,55280.00,15657428.00,212,1
20.27,100762.16,92.29,9.78,0.00,200.39,9.78,200.39,55994.00,15728906.00,10,1
20.24,100760.42,92.29,9.78,0.00,200.39,9.78,200.39,56708.00,15800128.00,64,1
20.21,100762.73,92.10,9.78,0.00,190.62,9.78,190.62,57420.00,15869584.00,144,1
20.16,100766.02,91.83,9.78,0.00,190.62,4.89,190.62,58135.00,15940892.00,28,1
20.12,100776.65,90.94,9.78,0.00,195.50,9.78,195.50,58848.00,16014626.00,34,1
20.07,100782.42,90.46,9.78,0.00,195.50,9.78,195.50,59561.00,16086450.00,178,1
20.02,100773.47,91.21,9.78,0.00,210.17,9.78,210.17,60275.00,16159956.00,212,1
19.95,100770.89,91.42,9.78,0.00,249.27,39.10,249.27,60990.00,16241968.00,48,1
19.85,100769.23,91.56,14.66,0.00,146.63,200.39,200.39,61704.00,16314672.00,48,1
19.69,100739.10,94.08,14.66,0.00,117.30,229.72,229.72,62420.00,16386428.00,124,1
19.62,100752.09,92.99,14.66,0.00,127.08,219.94,219.94,63137.00,16458332.00,92,1
19.65,100762.09,92.15,9.78,0.00,131.96,215.05,215.05,63854.00,16529976.00,56,1
19.67,100766.56,91.78,14.66,0.00,131.96,215.05,215.05,64569.00,16602376.00,8,1
19.68,100761.14,92.23,14.66,0.00,146.63,205.28,205.28,65285.00,16672992.00,224,1
19.66,100765.25,91.89,9.78,0.00,151.52,205.28,205.28,66001.00,16744966.00,6,1
19.65,100760.41,92.29,14.66,0.00,146.63,210.17,210.17,66716.00,16816996.00,100,1
19.61,100765.30,91.89,9.78,0.00,141.74,210.17,210.17,67433.00,16888164.00,100,1
19.56,100762.13,92.15,9.78,0.00,136.85,210.17,210.17,68150.00,16959078.00,102,1
19.56,100756.66,92.61,14.66,0.00,127.08,215.05,215.05,68866.00,17030668.00,12,1
19.54,100756.23,92.65,9.78,0.00,117.30,224.83,224.83,69582.00,17102716.00,124,1
19.51,100755.09,92.74,9.78,0.00,117.30,229.72,229.72,70298.00,17175186.00,146,1
19.48,100752.71,92.94,9.78,0.00,117.30,224.83,224.83,71015.00,17245686.00,246,1
19.44,100749.81,93.18,185.73,0.00,19.55,136.85,185.73,71732.00,17312228.00,228,1
19.36,100751.73,93.02,205.28,0.00,19.55,112.41,205.28,72449.00,17385564.00,92,1
19.29,100751.43,93.05,205.28,0.00,14.66,107.53,205.28,73165.00,17456152.00,24,1
19.23,100749.75,93.19,210.17,0.00,14.66,102.64,210.17,73881.00,17528080.00,16,1
19.16,100752.48,92.96,205.28,0.00,14.66,107.53,205.28,74598.00,17599534.00,46,1
19.09,100754.67,92.78,205.28,0.00,14.66,107.53,205.28,75314.00,17671328.00,160,1
19.07,100761.08,92.24,205.28,0.00,14.66,107.53,205.28,76032.00,17743714.00,98,1
19.06,100762.55,92.12,205.28,0.00,14.66,107.53,205.28,76747.00,17815346.00,50,1
19.02,100761.05,92.24,205.28,0.00,14.66,107.53,205.28,77464.00,17886906.00,186,1
19.00,100764.23,91.98,200.39,0.00,14.66,117.30,200.39,78181.00,17958896.00,240,1
18.99,100757.16,92.57,219.94,0.00,19.55,39.10,219.94,78899.00,18026624.00,128,1
18.92,100755.09,92.74,107.53,0.00,19.55,9.78,107.53,79614.00,18072512.00,192,1
18.86,100763.64,92.03,97.75,0.00,19.55,4.89,97.75,80330.00,18142446.00,238,1
18.83,100759.90,92.34,107.53,0.00,19.55,4.89,107.53,81043.00,18215354.00,186,1
18.80,100755.83,92.68,107.53,0.00,14.66,4.89,107.53,81759.00,18286090.00,10,1
18.79,100751.66,93.03,107.53,0.00,19.55,4.89,107.53,82472.00,18357496.00,248,1
18.76,100754.67,92.78,112.41,0.00,19.55,9.78,112.41,83188.00,18430834.00,114,1
18.71,100749.96,93.17,117.30,0.00,14.66,4.89,117.30,83903.00,18501900.00,12,1
18.67,100751.91,93.01,122.19,0.00,14.66,9.78,122.19,84618.00,18575040.00,192,1
18.68,100752.48,92.96,122.19,0.00,14.66,4.89,122.19,85332.00,18646004.00,244,1
18.68,100748.84,93.26,127.08,0.00,14.66,9.78,127.08,86048.00,18718738.00,18,1
18.64,100751.52,93.04,122.19,0.00,14.66,9.78,122.19,86762.00,18789402.00,26,1
18.61,100754.52,92.79,97.75,0.00,24.44,9.78,97.75,87477.00,18857262.00,46,1
18.60,100755.02,92.75,112.41,0.00,19.55,9.78,112.41,88188.00,18930852.00,164,1
18.60,100756.86,92.59,107.53,0.00,19.55,9.78,107.53,88904.00,19001642.00,42,1
18.60,100754.20,92.82,112.41,0.00,19.55,9.78,112.41,89618.00,19073776.00,240,1
18.57,100754.97,92.75,112.41,0.00,14.66,9.78,112.41,90334.00,19144956.00,252,1
18.54,100760.14,92.32,127.08,0.00,14.66,9.78,127.08,91048.00,19219760.00,48,1
18.49,100751.74,93.02,161.29,0.00,14.66,19.55,161.29,91763.00,19298304.00,0,1
18.49,100751.81,93.01,185.73,0.00,14.66,29.33,185.73,92477.00,19375576.00,216,1
18.50,100747.67,93.36,171.07,0.00,14.66,48.88,171.07,93194.00,19445918.00,158,1
18.49,100742.31,93.81,136.85,0.00,14.66,78.20,136.85,93910.00,19513118.00,30,1
18.30,100750.52,93.12,34.21,0.00,92.86,107.53,107.53,94625.00,19582906.00,186,1
18.23,100753.97,92.83,9.78,0.00,102.64,112.41,112.41,95341.00,19654328.00,184,1
18.18,100757.67,92.52,19.55,0.00,112.41,131.96,131.96,96058.00,19732224.00,0,1
0.00,0.00,0.00,0.00,0.00,0.00,0.00,0.00,0.00,0.00,0,1
0.00,0.00,0.00,0.00,0.00,0.00,0.00,0.00,0.00,0,1
00,0.00,0.00,0.00,0,1
0,0.00,0.00,0.00,0.00,0.00,0.00,0.00,0,1
0.00,0.00,0.00,0.00,0.00,0.00,0.00,0.00,0.00,0.00,0,1
?2.00,0.00,0.00,0.00,0.00,0.00,0.00,0.00,0.00,0.00,0,1
22.71,100678.95,99.10,0.00,0.00,0.00,0.00,0.00,2458102.00,255890272.00,96,1
22.71,100679.86,99.03,0.00,0.00,0.00,0.00,0.00,2458814.00,255961552.00,208,1
22.72,100680.61,98.97,0.00,0.00,0.00,0.00,0.00,2459527.00,256032928.00,160,1
22.72,100681.28,98.91,0.00,0.00,0.00,0.00,0.00,2460240.00,256104304.00,112,1
22.72,100682.47,98.81,0.00,0.00,0.00,0.00,0.00,2460953.00,256175696.00,80,1
22.71,100683.25,98.74,0.00,0.00,0.00,0.00,0.00,2461665.00,256246976.00,192,1
22.72,100684.64,98.63,0.00,0.00,0.00,0.00,0.00,2462377.00,256318304.00,96,1
22.72,100685.31,98.57,0.00,0.00,0.00,0.00,0.00,2463089.00,256389552.00,176,1
22.73,100689.34,98.23,0.00,0.00,0.00,0.00,0.00,2463803.00,256461328.00,16,1
22.73,100687.81,98.36,0.00,0.00,0.00,0.00,0.00,2464515.00,256532400.00,176,1
22.73,100687.81,98.36,0.00,0.00,0.00,0.00,0.00,2465227.00,256603600.00,208,1
22.72,100685.38,98.57,0.00,0.00,0.00,0.00,0.00,2465940.00,256674672.00,112,1
22.72,100687.45,98.39,0.00,0.00,0.00,0.00,0.00,2466654.00,256746256.00,16,1
22.73,100684.70,98.62,0.00,0.00,0.00,0.00,0.00,2467365.00,256817104.00,208,1
22.73,100688.08,98.34,0.00,0.00,0.00,0.00,0.00,2468078.00,256888720.00,144,1
22.72,100685.04,98.59,0.00,0.00,0.00,0.00,0.00,2468791.00,256959728.00,240,1
22.72,100685.66,98.54,0.00,0.00,0.00,0.00,0.00,2469504.00,257031104.00,192,1
22.73,100683.24,98.74,0.00,0.00,0.00,0.00,0.00,2470217.00,257102176.00,96,1
22.73,100684.94,98.60,0.00,0.00,0.00,0.00,0.00,2470929.00,257173520.00,16,1
22.74,100684.25,98.66,0.00,0.00,0.00,0.00,0.00,2471641.00,257244672.00,0,1
22.74,100681.91,98.86,0.00,0.00,0.00,0.00,0.00,2472351.00,257315456.00,128,1
22.73,100684.25,98.66,0.00,0.00,0.00,0.00,0.00,2473064.00,257386976.00,224,1
22.72,100684.02,98.68,0.00,0.00,0.00,0.00,0.00,2473778.00,257458352.00,176,1
22.74,100685.58,98.55,0.00,0.00,0.00,0.00,0.00,2474490.00,257529696.00,96,1
22.73,100684.16,98.67,0.00,0.00,0.00,0.00,0.00,2475202.00,257600752.00,240,1
22.73,100681.61,98.88,0.00,0.00,0.00,0.00,0.00,2475915.00,257671824.00,144,1
22.73,100684.16,98.67,0.00,0.00,0.00,0.00,0.00,2476627.00,257743248.00,144,1
22.73,100685.17,98.58,0.00,0.00,0.00,0.00,0.00,2477341.00,257814752.00,224,1
22.73,100686.63,98.46,0.00,0.00,0.00,0.00,0.00,2478766.00,257957376.00,0,1
22.73,100686.80,98.45,0.00,0.00,0.00,0.00,0.00,2479476.00,258028400.00,112,1
22.73,100687.74,98.37,0.00,0.00,0.00,0.00,0.00,2480189.00,258099776.00,64,1
22.74,100690.15,98.17,0.00,0.00,0.00,0.00,0.00,2480902.00,258171296.00,160,1
22.74,100690.11,98.17,0.00,0.00,0.00,0.00,0.00,2481614.00,258242496.00,192,1
22.74,100694.45,97.81,0.00,0.00,0.00,0.00,0.00,2482327.00,258314208.00,224,1
22.74,100695.53,97.72,0.00,0.00,0.00,0.00,0.00,2483040.00,258385600.00,192,1
22.75,100696.10,97.67,0.00,0.00,0.00,0.00,0.00,2483753.00,258456944.00,112,1
22.75,100694.65,97.79,0.00,0.00,0.00,0.00,0.00,2484466.00,258528128.00,128,1
22.76,100699.35,97.40,0.00,0.00,0.00,0.00,0.00,2485179.00,258599856.00,176,1
22.75,100694.03,97.84,0.00,0.00,0.00,0.00,0.00,2485892.00,258670656.00,64,1
22.75,100695.16,97.75,0.00,0.00,0.00,0.00,0.00,2486603.00,258741872.00,112,1
22.75,100690.52,98.14,0.00,0.00,0.00,0.00,0.00,2487317.00,258812848.00,176,1
22.76,100690.38,98.15,0.00,0.00,0.00,0.00,0.00,2488030.00,258884128.00,32,1
22.76,100690.20,98.16,0.00,0.00,0.00,0.00,0.00,2488741.00,258955200.00,192,1
22.76,100688.54,98.30,0.00,0.00,0.00,0.00,0.00,2489454.00,259026352.00,176,1
22.76,100689.22,98.25,0.00,0.00,0.00,0.00,0.00,2490168.00,259097824.00,224,1
22.76,100690.00,98.18,0.00,0.00,0.00,0.00,0.00,2490881.00,259169200.00,176,1
22.76,100691.52,98.05,0.00,0.00,0.00,0.00,0.00,2491593.00,259240528.00,80,1
22.77,100687.08,98.42,0.00,0.00,0.00,0.00,0.00,2492305.00,259311328.00,224,1
22.76,100689.56,98.22,0.00,0.00,0.00,0.00,0.00,2493018.00,259382848.00,64,1
22.77,100687.52,98.39,0.00,0.00,0.00,0.00,0.00,2493730.00,259453872.00,176,1
22.77,100692.34,97.99,0.00,0.00,0.00,0.00,0.00,2494443.00,259525600.00,224,1
22.77,100687.25,98.41,0.00,0.00,0.00,0.00,0.00,2495156.00,259596448.00,160,1
22.77,100686.16,98.50,0.00,0.00,0.00,0.00,0.00,2495868.00,259667552.00,96,1
22.77,100686.00,98.51,0.00,0.00,0.00,0.00,0.00,2496580.00,259738720.00,96,1
22.77,100681.32,98.91,0.00,0.00,0.00,0.00,0.00,2497293.00,259809600.00,64,1
22.77,100686.23,98.50,0.00,0.00,0.00,0.00,0.00,2498004.00,259881152.00,192,1
22.77,100687.02,98.43,0.00,0.00,0.00,0.00,0.00,2498717.00,259952528.00,144,1
22.78,100687.55,98.39,0.00,0.00,0.00,0.00,0.00,2499430.00,260023872.00,64,1
22.78,100690.43,98.14,0.00,0.00,0.00,0.00,0.00,2500143.00,260095424.00,192,1
22.78,100688.13,98.34,0.00,0.00,0.00,0.00,0.00,2500855.00,260166432.00,32,1
22.79,100691.64,98.04,0.00,0.00,0.00,0.00,0.00,2502279.00,260309152.00,160,1
22.78,100692.25,97.99,0.00,0.00,0.00,0.00,0.00,2502991.00,260380400.00,240,1
22.79,100693.41,97.90,0.00,0.00,0.00,0.00,0.00,2503705.00,260451904.00,64,1
22.78,100691.23,98.08,0.00,0.00,0.00,0.00,0.00,2504417.00,260522896.00,144,1
22.79,100692.29,97.99,0.00,0.00,0.00,0.00,0.00,2505129.00,260594208.00,32,1
22.79,100689.75,98.20,0.00,0.00,0.00,0.00,0.00,2505841.00,260665168.00,80,1
22.79,100693.23,97.91,0.00,0.00,0.00,0.00,0.00,2506553.00,260736704.00,192,1
22.79,100693.30,97.90,0.00,0.00,0.00,0.00,0.00,2507267.00,260808096.00,160,1
22.79,100696.28,97.66,0.00,0.00,0.00,0.00,0.00,2507979.00,260879568.00,208,1
22.79,100694.83,97.78,0.00,0.00,0.00,0.00,0.00,2508692.00,260950752.00,224,1
22.79,100693.57,97.88,0.00,0.00,0.00,0.00,0.00,2509405.00,261021920.00,224,1
22.80,100690.25,98.16,0.00,0.00,0.00,0.00,0.00,2510118.00,261092928.00,64,1
22.80,100690.42,98.14,0.00,0.00,0.00,0.00,0.00,2510830.00,261164128.00,96,1
22.80,100693.47,97.89,0.00,0.00,0.00,0.00,0.00,2511542.00,261235632.00,176,1
22.79,100689.84,98.19,0.00,0.00,0.00,0.00,0.00,2512254.00,261306480.00,112,1
22.78,100689.55,98.22,0.00,0.00,0.00,0.00,0.00,2512967.00,261377744.00,208,1
22.78,100689.92,98.19,0.00,0.00,0.00,0.00,0.00,2513681.00,261449200.00,240,1
22.79,100692.56,97.97,0.00,0.00,0.00,0.00,0.00,2514394.00,261520720.00,80,1
22.79,100688.32,98.32,0.00,0.00,0.00,0.00,0.00,2515105.00,261591456.00,160,1
22.79,100687.20,98.41,0.00,0.00,0.00,0.00,0.00,2515818.00,261662656.00,192,1
22.79,100688.48,98.31,0.00,0.00,0.00,0.00,0.00,2516532.00,261734144.00,0,1
22.80,100696.75,97.62,0.00,0.00,0.00,0.00,0.00,2517242.00,261805920.00,96,1
22.80,100701.50,97.22,0.00,0.00,0.00,0.00,0.00,2517954.00,261877552.00,48,1
22.80,100707.02,96.76,0.00,0.00,0.00,0.00,0.00,2518666.00,261949248.00,64,1
22.79,100696.97,97.60,0.00,0.00,0.00,0.00,0.00,2520804.00,262162128.00,208,1
22.79,100707.64,96.70,0.00,0.00,0.00,0.00,0.00,2521517.00,262234432.00,64,1
22.78,100697.17,97.58,0.00,0.00,0.00,0.00,0.00,2523654.00,262447152.00,48,1
22.77,100693.95,97.85,0.00,0.00,0.00,0.00,0.00,2524365.00,262517952.00,192,1
22.72,100686.09,98.51,0.00,0.00,0.00,0.00,0.00,2526502.00,262730928.00,176,1
22.70,100684.98,98.60,0.00,0.00,0.00,0.00,0.00,2527215.00,262802128.00,208,1
22.66,100683.95,98.69,0.00,0.00,0.00,0.00,0.00,2529353.00,263015824.00,144,1
22.64,100683.72,98.67,0.00,0.00,0.00,0.00,0.00,2530067.00,263087200.00,96,1
22.60,100682.53,98.48,0.00,0.00,0.00,0.00,0.00,2532202.00,263300544.00,192,1
722883.00,0.00,0.00,118.00,0.00,0.00,0.00,0.00,0.00,0.00,0,1
22.29,100679.31,99.07,0.00,0.00,9.78,19.55,29.33,2540762.00,264162128.00,80,1
20.93,100684.03,98.68,9.78,0.00,0.00,0.00,9.78,2558660.00,265948320.00,160,1
20.77,100701.30,97.24,0.00,0.00,0.00,0.00,0.00,2564363.00,266518224.00,208,1
20.71,100696.01,97.68,0.00,0.00,0.00,0.00,0.00,2566500.00,266731456.00,192,1
20.66,100692.11,98.00,0.00,0.00,0.00,0.00,0.00,2567214.00,266802480.00,48,1
20.63,100697.94,97.52,0.00,0.00,0.00,0.00,0.00,2569350.00,267016608.00,160,1
20.63,100691.52,98.05,0.00,0.00,0.00,0.00,0.00,2570062.00,267087232.00,128,1
20.61,100688.69,98.29,0.00,0.00,0.00,0.00,0.00,2570776.00,267158352.00,80,1
20.60,100685.64,98.55,0.00,0.00,0.00,0.00,0.00,2572912.00,267371680.00,160,1
20.56,100683.20,98.75,0.00,0.00,0.00,0.00,0.00,2575050.00,267585248.00,224,1
20.55,100685.73,98.54,0.00,0.00,0.00,0.00,0.00,2575763.00,267656768.00,64,1
20.55,100685.02,98.60,0.00,0.00,0.00,0.00,0.00,2576475.00,267727920.00,48,1
20.54,100689.44,98.23,0.00,0.00,0.00,0.00,0.00,2577187.00,267799520.00,224,1
20.53,100695.20,97.75,0.00,0.00,0.00,0.00,0.00,2577900.00,267871344.00,112,1
20.53,100692.27,97.99,0.00,0.00,0.00,0.00,0.00,2578613.00,267942368.00,224,1
20.52,100697.77,97.53,0.00,0.00,0.00,0.00,0.00,2579325.00,268014080.00,0,1
20.51,100702.56,97.13,0.00,0.00,0.00,0.00,0.00,2580036.00,268085632.00,128,1
20.51,100705.84,96.86,0.00,0.00,0.00,0.00,0.00,2580750.00,268157328.00,144,1
20.50,100702.19,97.16,0.00,0.00,0.00,0.00,0.00,2581463.00,268228272.00,176,1
20.50,100704.21,96.99,0.00,0.00,0.00,0.00,0.00,2582175.00,268299680.00,160,1
20.50,100703.27,97.07,0.00,0.00,0.00,0.00,0.00,2582888.00,268370880.00,192,1
20.50,100698.81,97.44,0.00,0.00,0.00,0.00,0.00,2583602.00,268441888.00,32,1
20.50,100698.71,97.45,0.00,0.00,0.00,0.00,0.00,2584313.00,268512960.00,192,1
20.50,100693.44,97.89,0.00,0.00,0.00,0.00,0.00,2585026.00,268583776.00,96,1
20.50,100697.70,97.54,0.00,0.00,0.00,0.00,0.00,2585738.00,268655360.00,0,1
20.50,100695.67,97.71,0.00,0.00,0.00,0.00,0.00,2586448.00,268726208.00,192,1
20.50,100693.41,97.90,0.00,0.00,0.00,0.00,0.00,2587162.00,268797376.00,192,1
20.50,100693.23,97.91,0.00,0.00,0.00,0.00,0.00,2587875.00,268868672.00,64,1
20.50,100691.21,98.08,0.00,0.00,0.00,0.00,0.00,2588587.00,268939680.00,160,1
20.51,100690.23,98.16,0.00,0.00,0.00,0.00,0.00,2589299.00,269010816.00,128,1
20.52,100686.09,98.51,0.00,0.00,0.00,0.00,0.00,2590012.00,269081696.00,96,1
20.51,100688.21,98.33,0.00,0.00,0.00,0.00,0.00,2590725.00,269153216.00,192,1
20.53,100686.84,98.45,0.00,0.00,0.00,0.00,0.00,2591437.00,269224288.00,96,1
20.53,100690.48,98.14,0.00,0.00,0.00,0.00,0.00,2592149.00,269295840.00,224,1
20.53,100690.75,98.12,0.00,0.00,0.00,0.00,0.00,2592862.00,269367136.00,96,1
20.53,100689.41,98.23,0.00,0.00,0.00,0.00,0.00,2593573.00,269438112.00,160,1
20.53,100690.92,98.10,0.00,0.00,0.00,0.00,0.00,2594287.00,269509664.00,32,1
20.53,100690.79,98.12,0.00,0.00,0.00,0.00,0.00,2594999.00,269580864.00,64,1
20.53,100692.48,97.97,0.00,0.00,0.00,0.00,0.00,2595710.00,269652096.00,128,1
20.54,100697.88,97.52,0.00,0.00,0.00,0.00,0.00,2597137.00,269795296.00,224,1
20.54,100700.65,97.29,0.00,0.00,0.00,0.00,0.00,2597850.00,269866848.00,96,1
20.55,100701.90,97.19,0.00,0.00,0.00,0.00,0.00,2598561.00,269938080.00,160,1
20.55,100697.58,97.55,0.00,0.00,0.00,0.00,0.00,2599274.00,270008960.00,128,1
20.55,100697.64,97.49,0.00,0.00,0.00,0.00,0.00,2599987.00,270080288.00,32,1
20.56,100694.17,97.83,0.00,0.00,0.00,0.00,0.00,2600699.00,270151136.00,224,1
20.57,100696.23,97.66,0.00,0.00,0.00,0.00,0.00,2601412.00,270222656.00,64,1
20.58,100695.52,97.72,0.00,0.00,0.00,0.00,0.00,2602836.00,270364960.00,32,1
20.58,100694.41,97.81,0.00,0.00,0.00,0.00,0.00,2603548.00,270436064.00,224,1
20.59,100691.52,98.05,0.00,0.00,0.00,0.00,0.00,2604262.00,270507232.00,224,1
20.59,100692.77,97.95,0.00,0.00,0.00,0.00,0.00,2604975.00,270578624.00,192,1
20.59,100688.64,98.30,0.00,0.00,0.00,0.00,0.00,2605687.00,270649440.00,96,1
20.61,100691.34,98.07,0.00,0.00,0.00,0.00,0.00,2606399.00,270720896.00,128,1
20.61,100689.16,98.25,0.00,0.00,0.00,0.00,0.00,2607113.00,270792096.00,160,1
20.60,100687.23,98.41,0.00,0.00,0.00,0.00,0.00,2607825.00,270863136.00,32,1
20.61,100688.20,98.33,0.00,0.00,0.00,0.00,0.00,2608537.00,270934432.00,160,1
20.62,100691.96,98.02,0.00,0.00,0.00,0.00,0.00,2609250.00,271006048.00,96,1
20.62,100689.16,98.25,0.00,0.00,0.00,0.00,0.00,2609961.00,271076896.00,32,1
20.63,100690.58,98.13,0.00,0.00,0.00,0.00,0.00,2610674.00,271148320.00,32,1
20.63,100689.97,98.18,0.00,0.00,0.00,0.00,0.00,2611386.00,271219488.00,32,1
20.64,100691.30,98.07,0.00,0.00,0.00,0.00,0.00,2612098.00,271290816.00,192,1
20.64,100688.32,98.32,0.00,0.00,0.00,0.00,0.00,2612810.00,271361728.00,192,1
20.64,100689.64,98.21,0.00,0.00,0.00,0.00,0.00,2613523.00,271433152.00,192,1
20.65,100688.89,98.27,0.00,0.00,0.00,0.00,0.00,2614237.00,271504480.00,96,1
20.65,100689.88,98.19,0.00,0.00,0.00,0.00,0.00,2614948.00,271575680.00,128,1
20.66,100690.16,98.17,0.00,0.00,0.00,0.00,0.00,2615661.00,271647008.00,32,1
20.66,100686.77,98.45,0.00,0.00,0.00,0.00,0.00,2616373.00,271717888.00,0,1
20.67,100687.85,98.36,0.00,0.00,0.00,0.00,0.00,2617084.00,271789088.00,32,1
20.67,100689.68,98.21,0.00,0.00,0.00,0.00,0.00,2617796.00,271860448.00,224,1
20.68,100687.89,98.36,0.00,0.00,0.00,0.00,0.00,2618509.00,271931584.00,192,1
20.68,100687.19,98.41,0.00,0.00,0.00,0.00,0.00,2619222.00,272002816.00,0,1
20.69,100686.91,98.44,0.00,0.00,0.00,0.00,0.00,2619932.00,272073792.00,64,1
20.70,100689.82,98.19,0.00,0.00,0.00,0.00,0.00,2620645.00,272145376.00,224,1
20.70,100689.96,98.18,0.00,0.00,0.00,0.00,0.00,2621358.00,272216672.00,96,1
20.71,100689.76,98.20,0.00,0.00,0.00,0.00,0.00,2622069.00,272287776.00,32,1
20.71,100688.41,98.31,0.00,0.00,0.00,0.00,0.00,2622781.00,272358848.00,192,1
20.72,100688.04,98.35,0.00,0.00,0.00,0.00,0.00,2623494.00,272430112.00,32,1
20.71,100689.32,98.24,0.00,0.00,0.00,0.00,0.00,2624206.00,272501440.00,192,1
20.72,100686.99,98.43,0.00,0.00,0.00,0.00,0.00,2624919.00,272572512.00,96,1
20.73,100687.20,98.41,0.00,0.00,0.00,0.00,0.00,2625631.00,272643712.00,128,1
20.74,100688.38,98.32,0.00,0.00,0.00,0.00,0.00,2626343.00,272715040.00,32,1
20.74,100682.38,98.82,0.00,0.00,0.00,0.00,0.00,2627055.00,272785696.00,32,1
20.75,100679.88,99.03,0.00,0.00,0.00,0.00,0.00,2627768.00,272856768.00,192,1
20.75,100681.05,98.93,0.00,0.00,0.00,0.00,0.00,2628481.00,272928160.00,160,1
20.75,100685.75,98.54,0.00,0.00,0.00,0.00,0.00,2629193.00,272999808.00,128,1
20.76,100682.68,98.79,0.00,0.00,0.00,0.00,0.00,2629906.00,273070816.00,224,1
20.76,100685.55,98.55,0.00,0.00,0.00,0.00,0.00,2630620.00,273142464.00,192,1
20.77,100686.27,98.49,0.00,0.00,0.00,0.00,0.00,2631332.00,273213760.00,64,1
20.78,100687.75,98.37,0.00,0.00,0.00,0.00,0.00,2632044.00,273285088.00,224,1
20.78,100689.23,98.25,0.00,0.00,0.00,0.00,0.00,2632757.00,273356512.00,224,1
20.79,100687.18,98.42,0.00,0.00,0.00,0.00,0.00,2633470.00,273427648.00,192,1
20.80,100686.57,98.47,0.00,0.00,0.00,0.00,0.00,2634183.00,273498880.00,0,1
20.80,100684.20,98.67,0.00,0.00,0.00,0.00,0.00,2634894.00,273569760.00,224,1
20.81,100685.70,98.54,0.00,0.00,0.00,0.00,0.00,2635607.00,273641216.00,0,1
20.82,100685.27,98.58,0.00,0.00,0.00,0.00,0.00,2636317.00,273712160.00,32,1
20.83,100681.01,98.93,0.00,0.00,0.00,0.00,0.00,2637030.00,273783072.00,32,1
20.83,100681.85,98.86,0.00,0.00,0.00,0.00,0.00,2637742.00,273854336.00,128,1
20.83,100686.72,98.45,0.00,0.00,0.00,0.00,0.00,2638454.00,273926016.00,128,1
20.84,100687.19,98.41,0.00,0.00,0.00,0.00,0.00,2639167.00,273997344.00,32,1
20.84,100687.13,98.42,0.00,0.00,0.00,0.00,0.00,2639879.00,274068544.00,64,1
20.85,100686.21,98.50,0.00,0.00,0.00,0.00,0.00,2640591.00,274139648.00,0,1
20.85,100686.62,98.46,0.00,0.00,0.00,0.00,0.00,2641302.00,274210816.00,0,1
20.86,100689.29,98.24,0.00,0.00,0.00,0.00,0.00,2642013.00,274282144.00,160,1
20.87,100685.64,98.55,0.00,0.00,0.00,0.00,0.00,2642725.00,274352992.00,96,1
20.86,100683.72,98.70,0.00,0.00,0.00,0.00,0.00,2643437.00,274424032.00,224,1
20.87,100687.47,98.39,0.00,0.00,0.00,0.00,0.00,2644151.00,274495776.00,32,1
20.87,100686.02,98.51,0.00,0.00,0.00,0.00,0.00,2644862.00,274566752.00,96,1
20.88,100687.16,98.42,0.00,0.00,0.00,0.00,0.00,2645574.00,274638048.00,224,1
20.89,100686.02,98.51,0.00,0.00,0.00,0.00,0.00,2646287.00,274709248.00,0,1
20.90,100689.44,98.23,0.00,0.00,0.00,0.00,0.00,2646998.00,274780640.00,224,1
20.90,100687.51,98.39,0.00,0.00,0.00,0.00,0.00,2647711.00,274851776.00,192,1
20.91,100692.95,97.93,0.00,0.00,0.00,0.00,0.00,2648424.00,274923584.00,64,1
20.92,100692.55,97.97,0.00,0.00,0.00,0.00,0.00,2649136.00,274994752.00,64,1
20.93,100696.84,97.61,0.00,0.00,0.00,0.00,0.00,2649847.00,275066240.00,128,1
20.92,100694.91,97.77,0.00,0.00,0.00,0.00,0.00,2650560.00,275137344.00,64,1
20.93,100692.61,97.96,0.00,0.00,0.00,0.00,0.00,2651273.00,275208448.00,0,1
20.93,100695.05,97.76,0.00,0.00,0.00,0.00,0.00,2651983.00,275279680.00,64,1
20.93,100696.70,97.62,0.00,0.00,0.00,0.00,0.00,2652695.00,275351040.00,0,1
20.94,100691.00,98.10,0.00,0.00,0.00,0.00,0.00,2653406.00,275421600.00,160,1
20.95,100689.95,98.18,0.00,0.00,0.00,0.00,0.00,2654118.00,275492704.00,96,1
20.95,100690.73,98.12,0.00,0.00,0.00,0.00,0.00,2654831.00,275564064.00,32,1
20.95,100691.13,98.09,0.00,0.00,0.00,0.00,0.00,2655543.00,275635328.00,128,1
20.97,100693.23,97.91,0.00,0.00,0.00,0.00,0.00,2656256.00,275706816.00,192,1
20.97,100693.73,97.87,0.00,0.00,0.00,0.00,0.00,2656968.00,275778048.00,0,1
20.97,100693.91,97.85,0.00,0.00,0.00,0.00,0.00,2657680.00,275849280.00,64,1
20.99,100693.57,97.88,0.00,0.00,0.00,0.00,0.00,2658392.00,275920448.00,64,1
20.99,100690.53,98.14,0.00,0.00,0.00,0.00,0.00,2659103.00,275991264.00,224,1
20.99,100691.28,98.07,0.00,0.00,0.00,0.00,0.00,2659816.00,276062624.00,160,1
21.00,100693.27,97.91,0.00,0.00,0.00,0.00,0.00,2660529.00,276134112.00,224,1
21.01,100692.53,97.97,0.00,0.00,0.00,0.00,0.00,2661242.00,276205344.00,32,1
21.01,100693.10,97.92,0.00,0.00,0.00,0.00,0.00,2661954.00,276276608.00,128,1
21.02,100691.82,98.03,0.00,0.00,0.00,0.00,0.00,2662667.00,276347808.00,160,1
21.03,100695.38,97.73,0.00,0.00,0.00,0.00,0.00,2663379.00,276419328.00,0,1
21.04,100692.33,97.99,0.00,0.00,0.00,0.00,0.00,2664090.00,276490112.00,128,1
21.04,100693.34,97.90,0.00,0.00,0.00,0.00,0.00,2664804.00,276561632.00,224,1
21.04,100690.54,98.13,0.00,0.00,0.00,0.00,0.00,2665517.00,276632672.00,96,1
21.04,100693.31,97.90,0.00,0.00,0.00,0.00,0.00,2666228.00,276704032.00,32,1
21.05,100690.55,98.13,0.00,0.00,0.00,0.00,0.00,2666940.00,276774976.00,64,1
21.06,100691.80,98.03,0.00,0.00,0.00,0.00,0.00,2667652.00,276846304.00,224,1
21.06,100690.78,98.12,0.00,0.00,0.00,0.00,0.00,2668365.00,276917504.00,0,1
21.06,100690.67,98.12,0.00,0.00,0.00,0.00,0.00,2669076.00,276988576.00,160,1
21.07,100692.09,98.00,0.00,0.00,0.00,0.00,0.00,2669789.00,277060032.00,192,1
21.08,100695.41,97.73,0.00,0.00,0.00,0.00,0.00,2670501.00,277131520.00,0,1
21.08,100698.45,97.47,0.00,0.00,0.00,0.00,0.00,2671213.00,277203008.00,64,1
21.08,100699.23,97.41,0.00,0.00,0.00,0.00,0.00,2671925.00,277274272.00,160,1
21.08,100701.05,97.26,0.00,0.00,0.00,0.00,0.00,2672637.00,277345664.00,128,1
21.09,100701.29,97.24,0.00,0.00,0.00,0.00,0.00,2673350.00,277416960.00,0,1
21.09,100703.12,97.09,0.00,0.00,0.00,0.00,0.00,2674061.00,277488224.00,96,1
21.10,100700.55,97.30,0.00,0.00,0.00,0.00,0.00,2674774.00,277559296.00,0,1
21.11,100696.63,97.63,0.00,0.00,0.00,0.00,0.00,2675484.00,277629920.00,224,1
21.11,100697.14,97.58,0.00,0.00,0.00,0.00,0.00,2676197.00,277701280.00,160,1
21.11,100698.45,97.47,0.00,0.00,0.00,0.00,0.00,2676910.00,277772704.00,160,1
21.11,100694.30,97.82,0.00,0.00,0.00,0.00,0.00,2677622.00,277843520.00,64,1
21.12,100693.76,97.87,0.00,0.00,0.00,0.00,0.00,2678335.00,277914784.00,160,1
21.13,100692.14,98.00,0.00,0.00,0.00,0.00,0.00,2679048.00,277985920.00,128,1
21.13,100691.77,98.03,0.00,0.00,0.00,0.00,0.00,2679760.00,278057088.00,128,1
21.14,100690.05,98.18,0.00,0.00,0.00,0.00,0.00,2680473.00,278128224.00,96,1
21.13,100689.30,98.24,0.00,0.00,0.00,0.00,0.00,2681185.00,278199360.00,64,1
21.14,100689.00,98.26,0.00,0.00,0.00,0.00,0.00,2681897.00,278270560.00,96,1
21.15,100686.46,98.47,0.00,0.00,0.00,0.00,0.00,2682609.00,278341504.00,128,1
21.15,100687.20,98.41,0.00,0.00,0.00,0.00,0.00,2683322.00,278412864.00,64,1
21.15,100687.27,98.41,0.00,0.00,0.00,0.00,0.00,2684034.00,278484064.00,96,1
21.16,100684.70,98.62,0.00,0.00,0.00,0.00,0.00,2684746.00,278555040.00,160,1
21.17,100686.46,98.47,0.00,0.00,0.00,0.00,0.00,2686172.00,278697792.00,64,1
21.17,100689.03,98.26,0.00,0.00,0.00,0.00,0.00,2686883.00,278769152.00,0,1
21.18,100686.40,98.48,0.00,0.00,0.00,0.00,0.00,2687594.00,278840000.00,192,1
21.18,100689.91,98.19,0.00,0.00,0.00,0.00,0.00,2688308.00,278911712.00,224,1
21.18,100687.98,98.35,0.00,0.00,0.00,0.00,0.00,2689020.00,278982752.00,96,1
21.18,100685.52,98.55,0.00,0.00,0.00,0.00,0.00,2689732.00,279053728.00,160,1
21.18,100685.59,98.55,0.00,0.00,0.00,0.00,0.00,2690445.00,279125024.00,32,1
21.19,100685.08,98.59,0.00,0.00,0.00,0.00,0.00,2691156.00,279196064.00,160,1
21.19,100686.84,98.45,0.00,0.00,0.00,0.00,0.00,2691870.00,279267648.00,64,1
0.00,1745995008.00,0.00,22.42,1006.72,60.89,27.00,0.00,0.00,0.00,0,1
21.19,100690.38,98.15,0.00,0.00,0.00,0.00,0.00,2692582.00,279339168.00,160,1
00,0.00,22.42,1006.74,61.12,27.00,0.00,0.00,0.00,0,1
21.20,100690.16,98.17,0.00,0.00,0.00,0.00,0.00,2693295.00,279410464.00,32,1
2,60.97,27.00,0.00,0.00,0.00,0,1
21.20,100693.94,97.85,0.00,0.00,0.00,0.00,0.00,2694006.00,279481888.00,32,1

21.21,100689.71,98.21,0.00,0.00,0.00,0.00,0.00,2694719.00,279552800.00,32,1

21.21,100689.34,98.23,0.00,0.00,0.00,0.00,0.00,2695431.00,279623968.00,32,1
21.21,100689.78,98.20,0.00,0.00,0.00,0.00,0.00,2696142.00,279695136.00,32,1
21.21,100690.39,98.15,0.00,0.00,0.00,0.00,0.00,2696854.00,279766368.00,96,1
21.21,100690.52,98.14,0.00,0.00,0.00,0.00,0.00,2697566.00,279837568.00,128,1
21.23,100691.38,98.07,0.00,0.00,0.00,0.00,0.00,2698279.00,279908960.00,96,1
21.23,100687.55,98.39,0.00,0.00,0.00,0.00,0.00,2698991.00,279979840.00,64,1
21.23,100690.76,98.12,0.00,0.00,0.00,0.00,0.00,2699703.00,280051296.00,96,1
21.23,100690.93,98.10,0.00,0.00,0.00,0.00,0.00,2700414.00,280122432.00,64,1
21.24,100691.17,98.08,0.00,0.00,0.00,0.00,0.00,2701126.00,280193664.00,128,1
21.24,100690.80,98.11,0.00,0.00,0.00,0.00,0.00,2701840.00,280265024.00,64,1
21.25,100692.28,97.99,0.00,0.00,0.00,0.00,0.00,2702552.00,280336352.00,224,1
0.00,1745995008.00,0.00,22.46,1006.76,60.12,27.00,0.00,0.00,0.00,0,1
1
21.26,100696.55,97.63,0.00,0.00,0.00,0.00,0.00,2703977.00,280479264.00,32,1
21.26,100702.87,97.10,0.00,0.00,0.00,0.00,0.00,2704689.00,280551040.00,128,1
0.00,1745995008.00,0.00,22.47,1006.98,60.05,24.00,0.00,0.00,0.00,0,1
0.00,1745995008.00,0.00,22.47,1006.99,59.71,24.00,0.00,0.00,0.00,0,1
0,64,1
0.00,1745995008.00,0.00,22.47,1006.96,59.88,24.00,0.00,0.00,0.00,0,1
2707536.00,280836416.00,64,1
21.28,100705.81,96.86,0.00,0.00,0.00,0.00,0.00,2708248.00,280907200.00,192,1
21.29,100699.66,97.37,0.00,0.00,0.00,0.00,0.00,2708962.00,280978016.00,96,1
21.29,100700.20,97.33,0.00,0.00,0.00,0.00,0.00,2709673.00,281049184.00,96,1
0.00,1745995008.00,0.00,22.49,1006.86,59.47,25.00,0.00,0.00,0.00,0,1
21.30,100704.73,96.95,0.00,0.00,0.00,0.00,0.00,2710385.00,281120800.00,32,1
0.00,1745995008.00,0.00,22.48,1006.92,59.62,25.00,0.00,0.00,0.00,0,1
21.31,100709.66,96.54,0.00,0.00,0.00,0.00,0.00,2711097.00,281192448.00,0,1
0.00,1745995008.00,0.00,22.48,1006.95,59.72,25.00,0.00,0.00,0.00,0,1
21.31,100714.30,96.15,0.00,0.00,0.00,0.00,0.00,2711808.00,281263968.00,96,1
0.00,1745995008.00,0.00,22.49,1006.92,59.68,25.00,0.00,0.00,0.00,0,1
21.32,100706.25,96.82,0.00,0.00,0.00,0.00,0.00,2712520.00,281334464.00,192,1
8.00,0.00,22.49,1006.86,59.39,26.00,0.00,0.00,0.00,0,1
21.32,100704.28,96.99,0.00,0.00,0.00,0.00,0.00,2713233.00,281405536.00,96,1
06.82,59.47,26.00,0.00,0.00,0.00,0,1
21.32,100700.13,97.33,0.00,0.00,0.00,0.00,0.00,2713945.00,281476384.00,32,1
0,1
21.32,100696.98,97.60,0.00,0.00,0.00,0.00,0.00,2714656.00,281547200.00,192,1
21.33,100698.14,97.50,0.00,0.00,0.00,0.00,0.00,2715369.00,281618592.00,160,1
21.34,100695.23,97.74,0.00,0.00,0.00,0.00,0.00,2716083.00,281689728.00,128,1
21.36,100695.13,97.75,0.00,0.00,0.00,0.00,0.00,2716795.00,281760928.00,160,1
21.36,100695.36,97.73,0.00,0.00,0.00,0.00,0.00,2717508.00,281832256.00,64,1
21.37,100693.44,97.89,0.00,0.00,0.00,0.00,0.00,2718220.00,281903264.00,160,1
21.38,100697.53,97.55,0.00,0.00,0.00,0.00,0.00,2718934.00,281975040.00,0,1
21.39,100691.44,98.06,0.00,0.00,0.00,0.00,0.00,2719644.00,282045504.00,64,1
21.39,100691.00,98.10,0.00,0.00,0.00,0.00,0.00,2720356.00,282116640.00,32,1
21.39,100689.28,98.24,0.00,0.00,0.00,0.00,0.00,2721068.00,282187712.00,192,1
21.40,100688.91,98.27,0.00,0.00,0.00,0.00,0.00,2721780.00,282258848.00,160,1
21.42,100689.17,98.25,0.00,0.00,0.00,0.00,0.00,2722494.00,282330272.00,160,1
21.42,100690.30,98.16,0.00,0.00,0.00,0.00,0.00,2723207.00,282401696.00,160,1
21.42,100688.73,98.29,0.00,0.00,0.00,0.00,0.00,2723919.00,282472736.00,32,1
21.43,100688.06,98.34,0.00,0.00,0.00,0.00,0.00,2724631.00,282543872.00,0,1
21.43,100688.36,98.32,0.00,0.00,0.00,0.00,0.00,2725342.00,282615008.00,224,1
21.44,100687.14,98.42,0.00,0.00,0.00,0.00,0.00,2726055.00,282686208.00,0,1
21.44,100686.84,98.45,0.00,0.00,0.00,0.00,0.00,2726766.00,282757280.00,160,1
21.45,100685.66,98.54,0.00,0.00,0.00,0.00,0.00,2727479.00,282828480.00,192,1
21.47,100690.45,98.14,0.00,0.00,0.00,0.00,0.00,2728192.00,282900192.00,224,1
0.00,1745995136.00,0.00,22.56,1006.67,58.85,27.00,0.00,0.00,0.00,0,1
21.48,100688.91,98.27,0.00,0.00,0.00,0.00,0.00,2728905.00,282971360.00,224,1
0.00,1745995136.00,0.00,22.57,1006.63,58.94,27.00,0.00,0.00,0.00,0,1
21.48,100690.63,98.13,0.00,0.00,0.00,0.00,0.00,2729618.00,283042816.00,0,1
0.00,1745995136.00,0.00,22.57,1006.67,59.15,27.00,0.00,0.00,0.00,0,1
21.50,100690.22,98.16,0.00,0.00,0.00,0.00,0.00,2730329.00,283113888.00,160,1
0.00,1745995136.00,0.00,22.57,1006.69,58.89,27.00,0.00,0.00,0.00,0,1
21.50,100687.11,98.42,0.00,0.00,0.00,0.00,0.00,2731041.00,283184800.00,160,1
0.00,1745995136.00,0.00,22.58,1006.65,58.91,27.00,0.00,0.00,0.00,0,1
21.51,100687.72,98.37,0.00,0.00,0.00,0.00,0.00,2731754.00,283256160.00,96,1
0.00,1745995136.00,0.00,22.57,1006.68,58.82,27.00,0.00,0.00,0.00,0,1
21.51,100685.08,98.59,0.00,0.00,0.00,0.00,0.00,2732467.00,283327232.00,0,1
7.00,0.00,0.00,0.00,0,1
21.52,100686.64,98.46,0.00,0.00,0.00,0.00,0.00,2733177.00,283398336.00,192,1
.00,0.00,0.00,0,1
21.53,100688.63,98.30,0.00,0.00,0.00,0.00,0.00,2733890.00,283469856.00,32,1
21.54,100688.42,98.31,0.00,0.00,0.00,0.00,0.00,2734602.00,283541024.00,32,1
21.54,100689.00,98.26,0.00,0.00,0.00,0.00,0.00,2735313.00,283612160.00,0,1
21.56,100688.48,98.31,0.00,0.00,0.00,0.00,0.00,2736025.00,283683328.00,0,1
21.57,100690.05,98.18,0.00,0.00,0.00,0.00,0.00,2736736.00,283754560.00,64,1
21.57,100691.27,98.08,0.00,0.00,0.00,0.00,0.00,2737447.00,283825792.00,128,1
21.58,100690.83,98.11,0.00,0.00,0.00,0.00,0.00,2738160.00,283897056.00,224,1
21.59,100690.86,98.11,0.00,0.00,0.00,0.00,0.00,2738874.00,283968448.00,192,1
21.60,100688.42,98.31,0.00,0.00,0.00,0.00,0.00,2739587.00,284039520.00,96,1
21.60,100687.91,98.36,0.00,0.00,0.00,0.00,0.00,2740298.00,284110592.00,0,1
21.62,100690.01,98.18,0.00,0.00,0.00,0.00,0.00,2741009.00,284181888.00,128,1
21.62,100687.30,98.41,0.00,0.00,0.00,0.00,0.00,2741722.00,284252928.00,0,1
21.63,100689.73,98.20,0.00,0.00,0.00,0.00,0.00,2742433.00,284324256.00,160,1
0.00,1745995136.00,0.00,22.63,1006.66,58.85,27.00,0.00,0.00,0.00,0,1
0.00,1745995136.00,0.00,22.63,1006.68,58.62,27.00,0.00,0.00,0.00,0,1
,128,1
0.00,1745995136.00,0.00,22.63,1006.71,58.64,27.00,0.00,0.00,0.00,0,1
,224,1
0.00,1745995136.00,0.00,22.64,1006.70,58.59,27.00,0.00,0.00,0.00,0,1

0.00,1745995136.00,0.00,22.65,1006.75,58.60,27.00,0.00,0.00,0.00,0,1
.00,192,1
0.00,1745995136.00,0.00,22.65,1006.76,58.56,26.00,0.00,0.00,0.00,0,1
,2746710.00,284753216.00,64,1
0.00,1745995136.00,0.00,22.65,1006.84,58.45,26.00,0.00,0.00,0.00,0,1
,100707.49,96.72,0.00,0.00,0.00,0.00,0.00,2747421.00,284824704.00,128,1
0.00,1745995136.00,0.00,22.66,1006.84,58.58,25.00,0.00,0.00,0.00,0,1
21.71,100708.16,96.66,0.00,0.00,0.00,0.00,0.00,2748134.00,284896064.00,64,1
0.00,1745995136.00,0.00,22.66,1006.81,58.41,26.00,0.00,0.00,0.00,0,1
21.71,100700.82,97.28,0.00,0.00,0.00,0.00,0.00,2748847.00,284966688.00,32,1
8.29,26.00,0.00,0.00,0.00,0,1
21.72,100701.60,97.21,0.00,0.00,0.00,0.00,0.00,2749558.00,285037856.00,32,1
0.00,1745995136.00,0.00,22.65,1006.82,58.36,26.00,0.00,0.00,0.00,0,1
21.73,100704.44,96.97,0.00,0.00,0.00,0.00,0.00,2750270.00,285109312.00,64,1
0.00,1745995136.00,0.00,22.67,1006.80,58.67,26.00,0.00,0.00,0.00,0,1
21.74,100700.65,97.29,0.00,0.00,0.00,0.00,0.00,2750982.00,285180160.00,0,1
21.74,100695.20,97.77,0.00,0.00,0.00,0.00,0.00,2751692.00,285250688.00,128,1
21.76,100689.25,98.24,0.00,0.00,0.00,0.00,0.00,2752406.00,285321536.00,64,1
21.76,100689.28,98.24,0.00,0.00,0.00,0.00,0.00,2753118.00,285392736.00,96,1
21.77,100688.30,98.30,0.00,0.00,0.00,0.00,0.00,2753829.00,285463712.00,160,1
0.00,0.00,0.00,0.00,0.00,0.00,0.00,0.00,0.00,0.00,0,1
21.78,100690.63,98.13,0.00,0.00,0.00,0.00,0.00,2754542.00,285535264.00,32,1
21.80,100691.44,98.06,0.00,0.00,0.00,0.00,0.00,2755254.00,285606528.00,128,1
21.81,100691.34,98.13,0.00,0.00,0.00,0.00,0.00,2755968.00,285677920.00,96,1
21.81,100692.05,98.01,0.00,0.00,0.00,0.00,0.00,2756679.00,285749088.00,96,1
21.82,100688.42,98.31,0.00,0.00,0.00,0.00,0.00,2757391.00,285819936.00,32,1
21.83,100687.00,98.43,0.00,0.00,0.00,0.00,0.00,2758103.00,285891040.00,224,1
21.83,100687.38,98.40,0.00,0.00,0.00,0.00,0.00,2758815.00,285962240.00,0,1
21.84,100686.93,98.44,0.00,0.00,0.00,0.00,0.00,2759527.00,286033440.00,32,1
21.85,100683.81,98.70,0.00,0.00,0.00,0.00,0.00,2760239.00,286104320.00,0,1
0.00,1745995136.00,0.00,22.72,1006.69,58.87,27.00,0.00,0.00,0.00,0,1
0.00,1745995136.00,0.00,22.75,1006.66,59.05,27.00,0.00,0.00,0.00,0,1
0.00,1745995136.00,0.00,22.73,1006.64,59.10,27.00,0.00,0.00,0.00,0,1
0.00,1745995136.00,0.00,22.76,1006.65,58.96,27.00,0.00,0.00,0.00,0,1
,1
0.00,1745995136.00,0.00,22.76,1006.63,59.28,27.00,0.00,0.00,0.00,0,1
511.00,286532288.00,192,1
0.00,1745995136.00,0.00,22.77,1006.65,59.43,27.00,0.00,0.00,0.00,0,1
21.89,100688.38,98.32,0.00,0.00,0.00,0.00,0.00,2765223.00,286603136.00,128,1
,1745995136.00,0.00,22.78,1006.66,59.27,27.00,0.00,0.00,0.00,0,1
100690.38,98.15,0.00,0.00,0.00,0.00,0.00,2765937.00,286674752.00,64,1
0.00,1745995136.00,0.00,22.78,1006.70,59.44,27.00,0.00,0.00,0.00,0,1
21.89,100691.39,98.07,0.00,0.00,0.00,0.00,0.00,2766649.00,286746016.00,160,1
0.00,1745995136.00,0.00,22.79,1006.67,59.18,27.00,0.00,0.00,0.00,0,1
21.89,100689.53,98.22,0.00,0.00,0.00,0.00,0.00,2767362.00,286817184.00,160,1
0.00,1745995136.00,0.00,22.80,1006.65,59.19,27.00,0.00,0.00,0.00,0,1
21.90,100692.27,97.99,0.00,0.00,0.00,0.00,0.00,2768074.00,286888640.00,192,1
5995136.00,0.00,22.80,1006.67,59.45,27.00,0.00,0.00,0.00,0,1
21.91,100694.13,97.84,0.00,0.00,0.00,0.00,0.00,2768788.00,286960160.00,32,1
21.91,100693.01,97.93,0.00,0.00,0.00,0.00,0.00,2769500.00,287031264.00,224,1
,27.00,0.00,0.00,0.00,0,1
21.91,100690.95,98.10,0.00,0.00,0.00,0.00,0.00,2770212.00,287102304.00,96,1
1
21.92,100693.01,97.93,0.00,0.00,0.00,0.00,0.00,2770924.00,287173664.00,32,1
21.92,100694.46,97.81,0.00,0.00,0.00,0.00,0.00,2771636.00,287245024.00,224,1
21.92,100693.55,97.88,0.00,0.00,0.00,0.00,0.00,2772349.00,287316224.00,0,1
21.92,100694.70,97.79,0.00,0.00,0.00,0.00,0.00,2773060.00,287387456.00,64,1
21.92,100695.24,97.74,0.00,0.00,0.00,0.00,0.00,2773772.00,287458688.00,128,1
21.92,100695.75,97.70,0.00,0.00,0.00,0.00,0.00,2774484.00,287529952.00,224,1
21.92,100696.33,97.65,0.00,0.00,0.00,0.00,0.00,2775197.00,287601312.00,160,1
21.92,100695.58,97.71,0.00,0.00,0.00,0.00,0.00,2775911.00,287672640.00,64,1
21.89,100691.22,98.08,0.00,0.00,0.00,0.00,0.00,2776623.00,287743424.00,192,1
21.88,100688.58,98.30,0.00,0.00,0.00,0.00,0.00,2777335.00,287814368.00,224,1
21.90,100688.47,98.31,0.00,0.00,0.00,0.00,0.00,2778048.00,287885664.00,96,1
21.92,100688.30,98.32,0.00,0.00,0.00,0.00,0.00,2778761.00,287956960.00,224,1
21.92,100684.98,98.60,0.00,0.00,0.00,0.00,0.00,2779473.00,288027840.00,192,1
21.93,100687.48,98.39,0.00,0.00,0.00,0.00,0.00,2780186.00,288099360.00,32,1
0.00,1745995136.00,0.00,22.91,1006.69,58.66,27.00,0.00,0.00,0.00,0,1
0.00,1745995136.00,0.00,22.91,1006.64,58.71,27.00,0.00,0.00,0.00,0,1
0.00,1745995136.00,0.00,22.92,1006.67,58.61,27.00,0.00,0.00,0.00,0,1
2324.00,288313408.00,64,1
0.00,1745995136.00,0.00,22.93,1006.66,58.31,27.00,0.00,0.00,0.00,0,1
0,0.00,0.00,0.00,0.00,2783036.00,288384192.00,192,1
0.00,1745995136.00,0.00,22.93,1006.64,58.67,27.00,0.00,0.00,0.00,0,1
1.94,100686.23,98.50,0.00,0.00,0.00,0.00,0.00,2783749.00,288455584.00,160,1
0.00,1745995136.00,0.00,22.94,1006.66,58.55,27.00,0.00,0.00,0.00,0,1
21.94,100686.13,98.50,0.00,0.00,0.00,0.00,0.00,2784461.00,288526752.00,160,1
21.94,100683.09,98.76,0.00,0.00,0.00,0.00,0.00,2785175.00,288597888.00,128,1
0.00,1745995136.00,0.00,22.96,1006.66,58.75,27.00,0.00,0.00,0.00,0,1
21.95,100682.23,98.83,0.00,0.00,0.00,0.00,0.00,2785888.00,288669088.00,160,1
0.00,1745995136.00,0.00,22.97,1006.63,58.78,27.00,0.00,0.00,0.00,0,1
21.95,100683.16,98.75,0.00,0.00,0.00,0.00,0.00,2786600.00,288740384.00,32,1
21.95,100684.57,98.63,0.00,0.00,0.00,0.00,0.00,2787312.00,288811712.00,192,1
21.95,100685.42,98.48,0.00,0.00,0.00,0.00,0.00,2788026.00,288883168.00,224,1
21.96,100685.22,98.58,0.00,0.00,0.00,0.00,0.00,2788739.00,288954464.00,96,1
21.97,100686.77,98.45,0.00,0.00,0.00,0.00,0.00,2789450.00,289025728.00,192,1
21.96,100687.55,98.39,0.00,0.00,0.00,0.00,0.00,2790163.00,289097088.00,128,1
21.97,100689.55,98.22,0.00,0.00,0.00,0.00,0.00,2790876.00,289168576.00,192,1
21.98,100690.80,98.11,0.00,0.00,0.00,0.00,0.00,2791589.00,289240000.00,192,1
21.98,100687.58,98.42,0.00,0.00,0.00,0.00,0.00,2792302.00,289311008.00,32,1
21.97,100691.17,98.08,0.00,0.00,0.00,0.00,0.00,2793014.00,289382528.00,128,1
21.98,100688.39,98.31,0.00,0.00,0.00,0.00,0.00,2793726.00,289453472.00,160,1
21.99,100689.20,98.21,0.00,0.00,0.00,0.00,0.00,2794440.00,289524960.00,224,1
22.01,100690.28,98.16,0.00,0.00,0.00,0.00,0.00,2795153.00,289596352.00,192,1
22.02,100691.26,98.08,0.00,0.00,0.00,0.00,0.00,2795866.00,289667712.00,128,1
22.02,100691.05,98.09,0.00,0.00,0.00,0.00,0.00,2796578.00,289738912.00,160,1
22.02,100688.08,98.34,0.00,0.00,0.00,0.00,0.00,2797292.00,289810048.00,128,1
22.02,100689.26,98.24,0.00,0.00,0.00,0.00,0.00,2798005.00,289881440.00,96,1
22.04,100693.75,97.87,0.00,0.00,0.00,0.00,0.00,2798716.00,289952960.00,192,1
22.04,100687.33,98.40,0.00,0.00,0.00,0.00,0.00,2799429.00,290023680.00,0,1
22.04,100688.07,98.34,0.00,0.00,0.00,0.00,0.00,2800140.00,290094848.00,0,1
22.05,100687.08,98.39,0.00,0.00,0.00,0.00,0.00,2800850.00,290165760.00,0,1
22.07,100690.56,98.13,0.00,0.00,0.00,0.00,0.00,2801562.00,290237280.00,96,1
22.07,100687.69,98.37,0.00,0.00,0.00,0.00,0.00,2802274.00,290308224.00,128,1
22.07,100689.11,98.18,0.00,0.00,0.00,0.00,0.00,2802987.00,290379616.00,96,1
22.08,100691.23,98.08,0.00,0.00,0.00,0.00,0.00,2803698.00,290450944.00,0,1
0.00,1745995136.00,0.00,23.09,1006.64,57.09,27.00,0.00,0.00,0.00,0,1
22.08,100689.48,98.22,0.00,0.00,0.00,0.00,0.00,2804409.00,290521888.00,32,1
22.09,100688.05,98.34,0.00,0.00,0.00,0.00,0.00,2805122.00,290593056.00,32,1
22.10,100689.20,98.25,0.00,0.00,0.00,0.00,0.00,2805833.00,290664256.00,64,1
22.10,100688.70,98.29,0.00,0.00,0.00,0.00,0.00,2806545.00,290735392.00,32,1
1006.65,57.58,27.00,0.00,0.00,0.00,0,1
22.11,100689.00,98.26,0.00,0.00,0.00,0.00,0.00,2807257.00,290806656.00,128,1
22.11,100689.23,98.25,0.00,0.00,0.00,0.00,0.00,2807969.00,290877856.00,160,1
22.12,100691.36,98.07,0.00,0.00,0.00,0.00,0.00,2808683.00,290949440.00,64,1
22.12,100690.34,98.15,0.00,0.00,0.00,0.00,0.00,2809395.00,291020544.00,0,1
22.13,100686.76,98.45,0.00,0.00,0.00,0.00,0.00,2810105.00,291091232.00,32,1
22.14,100689.67,98.21,0.00,0.00,0.00,0.00,0.00,2810817.00,291162688.00,64,1
22.14,100685.60,98.55,0.00,0.00,0.00,0.00,0.00,2811529.00,291233536.00,0,1
22.15,100689.97,98.18,0.00,0.00,0.00,0.00,0.00,2812239.00,291304928.00,224,1
22.15,100688.31,98.32,0.00,0.00,0.00,0.00,0.00,2812953.00,291376160.00,32,1
22.17,100687.08,98.42,0.00,0.00,0.00,0.00,0.00,2813665.00,291447264.00,224,1
22.17,100686.38,98.48,0.00,0.00,0.00,0.00,0.00,2814377.00,291518400.00,192,1
22.18,100688.06,98.34,0.00,0.00,0.00,0.00,0.00,2815090.00,291589856.00,224,1
22.18,100683.02,98.77,0.00,0.00,0.00,0.00,0.00,2815803.00,291660704.00,160,1
22.19,100686.27,98.49,0.00,0.00,0.00,0.00,0.00,2816517.00,291732416.00,192,1
22.19,100683.72,98.70,0.00,0.00,0.00,0.00,0.00,2817229.00,291803360.00,224,1
22.20,100684.06,98.68,0.00,0.00,0.00,0.00,0.00,2817942.00,291874688.00,128,1
22.21,100684.33,98.65,0.00,0.00,0.00,0.00,0.00,2818655.00,291946016.00,32,1
22.21,100682.02,98.85,0.00,0.00,0.00,0.00,0.00,2819367.00,292016992.00,96,1
22.21,100687.00,98.43,0.00,0.00,0.00,0.00,0.00,2820079.00,292088672.00,96,1
22.22,100688.66,98.29,0.00,0.00,0.00,0.00,0.00,2820791.00,292160032.00,32,1
22.22,100689.06,98.26,0.00,0.00,0.00,0.00,0.00,2821502.00,292231136.00,224,1
22.23,100689.80,98.20,0.00,0.00,0.00,0.00,0.00,2822215.00,292302528.00,192,1
22.24,100691.45,98.06,0.00,0.00,0.00,0.00,0.00,2822929.00,292374080.00,64,1
22.24,100690.84,98.11,0.00,0.00,0.00,0.00,0.00,2823641.00,292445216.00,32,1
0.00,1745995136.00,0.00,23.26,1006.74,58.29,27.00,0.00,0.00,0.00,0,1
22.25,100695.72,97.70,0.00,0.00,0.00,0.00,0.00,2824352.00,292516768.00,160,1
22.25,100691.96,98.02,0.00,0.00,0.00,0.00,0.00,2825065.00,292587712.00,192,1
22.25,100688.74,98.28,0.00,0.00,0.00,0.00,0.00,2825778.00,292658720.00,32,1
22.26,100685.42,98.56,0.00,0.00,0.00,0.00,0.00,2826490.00,292729632.00,32,1
22.27,100687.38,98.40,0.00,0.00,0.00,0.00,0.00,2827202.00,292800992.00,224,1
22.28,100684.74,98.62,0.00,0.00,0.00,0.00,0.00,2827915.00,292872064.00,128,1
22.29,100687.55,98.39,0.00,0.00,0.00,0.00,0.00,2828627.00,292943520.00,160,1
22.29,100687.34,98.40,0.00,0.00,0.00,0.00,0.00,2829340.00,293014784.00,0,1
22.29,100686.77,98.45,0.00,0.00,0.00,0.00,0.00,2830052.00,293085952.00,0,1
0.00,1746012160.00,0.00,27.30,1007.29,46.57,22.00,0.00,0.00,0,1
46.82,22.00,0.00,0.00,0,1
0.00,1746012160.00,0.00,27.30,1007.25,46.77,22.00,0.00,0.00,0,1
0.00,1746012160.00,0.00,27.31,1007.25,46.84,22.00,0.00,0.00,0,1
0.00,1746012160.00,0.00,27.30,1007.26,46.82,22.00,0.00,0.00,0,1
0.00,1746012160.00,0.00,27.31,1007.28,46.89,22.00,0.00,0.00,0,1
0.00,1746012160.00,0.00,27.31,1007.28,46.80,22.00,0.00,0.00,0,1
0.00,1746012160.00,0.00,27.30,1007.30,46.73,22.00,0.00,0.00,0,1
0.00,1746012160.00,0.00,27.31,1007.26,46.92,22.00,0.00,0.00,0,1
0.00,1746012160.00,0.00,27.30,1007.28,47.03,22.00,0.00,0.00,0,1
0.00,1746012160.00,0.00,27.31,1007.27,46.89,22.00,0.00,0.00,0,1
22.58,100753.61,92.87,0.00,0.00,0.00,0.00,0.00,2215.00,54,1
22.81,100752.42,92.96,0.00,0.00,0.00,0.00,0.00,2961.00,72,1
22.85,100754.03,92.83,0.00,0.00,0.00,0.00,0.00,3705.00,128,1
0.00,1746012288.00,0.00,27.31,1007.27,46.61,22.00,0.00,0.00,0,1
0.00,1746012288.00,0.00,27.31,1007.31,46.92,22.00,0.00,0.00,0,1
0.00,1746012288.00,0.00,27.31,1007.28,46.91,22.00,0.00,0.00,0,1
2.69,0.00,0.00,0.00,0.00,0.00,5958.00,44,1
0.00,1746012288.00,0.00,27.31,1007.32,47.00,22.00,0.00,0.00,0,1
22.88,100754.66,92.78,0.00,0.00,0.00,0.00,0.00,6689.00,92,1
0.00,1746012288.00,0.00,27.32,1007.28,46.79,22.00,0.00,0.00,0,1
22.89,100756.25,92.64,0.00,0.00,0.00,0.00,0.00,7411.00,246,1
0.00,1746012288.00,0.00,27.31,1007.30,46.66,22.00,0.00,0.00,0,1
22.89,100757.13,92.57,0.00,0.00,0.00,0.00,0.00,8134.00,180,1
0.00,1746012288.00,0.00,27.32,1007.27,46.87,22.00,0.00,0.00,0,1
22.89,100759.16,92.40,0.00,0.00,0.00,0.00,0.00,8857.00,218,1
22.89,100758.92,92.42,0.00,0.00,0.00,0.00,0.00,9580.00,48,1
22.89,100759.88,92.34,0.00,0.00,0.00,0.00,0.00,10303.00,242,1
22.89,100758.52,92.45,0.00,0.00,0.00,0.00,0.00,11026.00,226,1
22.89,100757.44,92.54,0.00,0.00,0.00,0.00,0.00,11753.00,124,1
22.89,100758.18,92.48,0.00,0.00,0.00,0.00,0.00,12477.00,144,1
22.89,100757.95,92.50,0.00,0.00,0.00,0.00,0.00,13201.00,74,1
22.88,100758.72,92.44,0.00,0.00,0.00,0.00,0.00,13924.00,252,1
22.89,100755.06,92.74,0.00,0.00,0.00,0.00,0.00,14648.00,126,1
22.88,100756.11,92.65,0.00,0.00,0.00,0.00,0.00,15372.00,174,1
22.88,100754.59,92.78,0.00,0.00,0.00,0.00,0.00,16096.00,242,1
22.88,100757.98,92.50,0.00,0.00,0.00,0.00,0.00,16822.00,194,1
22.88,100758.32,92.47,0.00,0.00,0.00,0.00,0.00,17546.00,176,1
22.88,100759.67,92.36,0.00,0.00,0.00,0.00,0.00,18270.00,252,1
22.88,100758.48,92.46,0.00,0.00,0.00,0.00,0.00,18994.00,94,1
22.87,100757.92,92.50,0.00,0.00,0.00,0.00,0.00,19717.00,150,1
22.87,100757.48,92.54,0.00,0.00,0.00,0.00,0.00,20441.00,60,1
0.00,1746012288.00,0.00,27.32,1007.29,46.70,22.00,0.00,0.00,0,1
22.87,100758.80,92.33,0.00,0.00,0.00,0.00,0.00,21164.00,24,1
0.00,1746012288.00,0.00,27.32,1007.29,46.89,22.00,0.00,0.00,0,1
22.86,100758.50,92.46,0.00,0.00,0.00,0.00,0.00,21886.00,14,1
22.86,100757.31,92.55,0.00,0.00,0.00,0.00,0.00,22611.00,214,1
22.86,100757.86,92.51,0.00,0.00,0.00,0.00,0.00,23335.00,216,1
0,0,1
22.86,100755.48,92.71,0.00,0.00,0.00,0.00,0.00,24059.00,206,1
22.86,100755.48,92.71,0.00,0.00,0.00,0.00,0.00,24783.00,158,1
22.86,100757.34,92.55,0.00,0.00,0.00,0.00,0.00,25507.00,24,1
22.85,100756.23,92.65,0.00,0.00,0.00,0.00,0.00,26231.00,130,1
22.85,100759.28,92.39,0.00,0.00,0.00,0.00,0.00,26954.00,4,1
22.86,100759.21,92.40,0.00,0.00,0.00,0.00,0.00,27677.00,108,1
22.86,100758.53,92.45,0.00,0.00,0.00,0.00,0.00,28403.00,196,1
22.85,100760.30,92.31,0.00,0.00,0.00,0.00,0.00,29127.00,54,1
0.00,1746012288.00,0.00,27.32,1007.28,46.94,22.00,0.00,0.00,0,1
0.00,1746012288.00,0.00,27.31,1007.30,46.79,21.00,0.00,0.00,0,1
22.85,100762.03,92.16,0.00,0.00,0.00,0.00,0.00,31298.00,224,1
0.00,1746012288.00,0.00,27.32,1007.35,46.84,22.00,0.00,0.00,0,1
0.00,1746012288.00,0.00,27.31,1007.31,46.86,22.00,0.00,0.00,0,1
,0.00,0.00,0.00,32746.00,200,1
0.00,1746012288.00,0.00,27.32,1007.35,46.74,21.00,0.00,0.00,0,1
22.84,100759.39,92.38,0.00,0.00,0.00,0.00,0.00,33473.00,138,1
0.00,1746012288.00,0.00,27.31,1007.33,46.84,22.00,0.00,0.00,0,1
22.83,100759.73,92.35,0.00,0.00,0.00,0.00,0.00,34196.00,20,1
0.00,1746012288.00,0.00,27.31,1007.32,46.79,22.00,0.00,0.00,0,1
22.83,100757.87,92.51,0.00,0.00,0.00,0.00,0.00,34920.00,56,1
0.00,1746012288.00,0.00,27.32,1007.29,46.94,22.00,0.00,0.00,0,1
22.83,100757.63,92.53,0.00,0.00,0.00,0.00,0.00,35642.00,42,1
12288.00,0.00,27.32,1007.31,46.85,22.00,0.00,0.00,0,1
22.83,100756.11,92.65,0.00,0.00,0.00,0.00,0.00,36366.00,112,1
22.84,100758.14,92.48,0.00,0.00,0.00,0.00,0.00,37089.00,152,1
22.83,100758.18,92.48,0.00,0.00,0.00,0.00,0.00,37814.00,206,1
22.82,100757.03,92.58,0.00,0.00,0.00,0.00,0.00,38538.00,52,1
22.82,100755.50,92.71,0.00,0.00,0.00,0.00,0.00,39263.00,220,1
22.83,100754.52,92.79,0.00,0.00,0.00,0.00,0.00,39987.00,80,1
22.83,100756.14,92.65,0.00,0.00,0.00,0.00,0.00,40710.00,82,1
0.00,1746012288.00,0.00,27.32,1007.28,46.78,22.00,0.00,0.00,0,1
0.00,1746012288.00,0.00,27.32,1007.25,46.88,22.00,0.00,0.00,0,1
0.00,1746012288.00,0.00,27.32,1007.27,46.79,22.00,0.00,0.00,0,1
0.00,1746012416.00,0.00,27.33,1007.23,47.42,22.00,0.00,0.00,0,1
0.00,1746012416.00,0.00,27.33,1007.23,47.70,22.00,0.00,0.00,0,1
0.00,1746012416.00,0.00,27.33,1007.25,47.29,22.00,0.00,0.00,0,1
0.00,1746012416.00,0.00,27.33,1007.24,47.45,22.00,0.00,0.00,0,1
0.00,1746012416.00,0.00,27.33,1007.26,47.53,22.00,0.00,0.00,0,1
0.00,1746012416.00,0.00,27.34,1007.27,47.47,22.00,0.00,0.00,0,1
0.00,1746012416.00,0.00,27.34,1007.25,47.38,22.00,0.00,0.00,0,1
0.00,1746012416.00,0.00,27.33,1007.23,47.09,22.00,0.00,0.00,0,1
0.00,0.00,0.00,0,1
0.00,1746012416.00,0.00,27.34,1007.26,47.16,22.00,0.00,0.00,0,1
0.00,1746012416.00,0.00,27.33,1007.23,47.11,22.00,0.00,0.00,0,1
0.00,1746012416.00,0.00,27.34,1007.23,47.11,23.00,0.00,0.00,0,1
0.00,1746012416.00,0.00,27.34,1007.22,47.06,22.00,0.00,0.00,0,1
0.00,1746012416.00,0.00,27.33,1007.22,47.18,22.00,0.00,0.00,0,1
0.00,1746012416.00,0.00,27.34,1007.23,47.22,22.00,0.00,0.00,0,1
0.00,1746012416.00,0.00,27.34,1007.24,47.10,22.00,0.00,0.00,0,1
0.00,1746012416.00,0.00,27.34,1007.19,46.92,22.00,0.00,0.00,0,1
0.00,1746012416.00,0.00,27.35,1007.19,47.22,22.00,0.00,0.00,0,1
0.00,1746012416.00,0.00,27.34,1007.22,47.08,22.00,0.00,0.00,0,1
0.00,1746012416.00,0.00,27.34,1007.20,47.12,22.00,0.00,0.00,0,1
0.00,1746012416.00,0.00,27.35,1007.21,47.19,22.00,0.00,0.00,0,1
0.00,1746012416.00,0.00,27.34,1007.19,47.21,22.00,0.00,0.00,0,1
0.00,1746012416.00,0.00,27.35,1007.17,46.93,23.00,0.00,0.00,0,1
0.00,1746012416.00,0.00,27.34,1007.18,47.15,23.00,0.00,0.00,0,1
0.00,1746012416.00,0.00,27.35,1007.20,47.29,23.00,0.00,0.00,0,1
0.00,1746012416.00,0.00,27.34,1007.20,47.38,23.00,0.00,0.00,0,1
0.00,1746012416.00,0.00,27.34,1007.21,47.17,23.00,0.00,0.00,0,1
0.00,1746012416.00,0.00,27.35,1007.22,47.33,22.00,0.00,0.00,0,1
0.00,1746012416.00,0.00,27.35,1007.21,47.32,23.00,0.00,0.00,0,1
0.00,1746012416.00,0.00,27.34,1007.22,47.24,22.00,0.00,0.00,0,1
0.00,1746012416.00,0.00,27.36,1007.24,47.27,22.00,0.00,0.00,0,1
0.00,1746012416.00,0.00,27.34,1007.24,47.28,22.00,0.00,0.00,0,1
0.00,1746012416.00,0.00,27.35,1007.25,47.35,22.00,0.00,0.00,0,1
0.00,1746012416.00,0.00,27.35,1007.26,47.44,22.00,0.00,0.00,0,1
0.00,1746012416.00,0.00,27.36,1007.28,47.34,22.00,0.00,0.00,0,1
0.00,1746012416.00,0.00,27.35,1007.25,47.38,22.00,0.00,0.00,0,1
0.00,1746012416.00,0.00,27.35,1007.26,47.27,22.00,0.00,0.00,0,1
0.00,1746012416.00,0.00,27.35,1007.28,47.49,22.00,0.00,0.00,0,1
0.00,1746012416.00,0.00,27.35,1007.30,47.28,22.00,0.00,0.00,0,1
0.00,1746012416.00,0.00,27.35,1007.32,47.21,21.00,0.00,0.00,0,1
0.00,1746012416.00,0.00,27.34,1007.33,47.29,22.00,0.00,0.00,0,1
0.00,1746012416.00,0.00,27.36,1007.29,47.32,22.00,0.00,0.00,0,1
0.00,1746012416.00,0.00,27.36,1007.28,47.31,22.00,0.00,0.00,0,1
0.00,1746012416.00,0.00,27.35,1007.32,47.32,22.00,0.00,0.00,0,1
0.00,1746012416.00,0.00,27.36,1007.31,47.33,22.00,0.00,0.00,0,1
0.00,1746012416.00,0.00,27.36,1007.28,47.18,22.00,0.00,0.00,0,1
0.00,1746012416.00,0.00,27.36,1007.26,47.16,21.00,0.00,0.00,0,1
0.00,1746012416.00,0.00,27.36,1007.26,47.20,22.00,0.00,0.00,0,1
0.00,1746012416.00,0.00,27.36,1007.27,47.47,22.00,0.00,0.00,0,1
0.00,1746012416.00,0.00,27.37,1007.25,47.35,22.00,0.00,0.00,0,1
0.00,1746012416.00,0.00,27.36,1007.24,47.27,22.00,0.00,0.00,0,1
0.00,1746012416.00,0.00,27.36,1007.25,47.29,22.00,0.00,0.00,0,1
0.00,1746012416.00,0.00,27.36,1007.24,47.21,22.00,0.00,0.00,0,1
0.00,1746012416.00,0.00,27.36,1007.25,47.21,22.00,0.00,0.00,0,1
0.00,1746012416.00,0.00,27.37,1007.23,47.32,22.00,0.00,0.00,0,1
0.00,1746012416.00,0.00,27.37,1007.23,47.25,23.00,0.00,0.00,0,1
0.00,1746012416.00,0.00,27.37,1007.22,47.21,22.00,0.00,0.00,0,1
0.00,1746012416.00,0.00,27.37,1007.22,47.35,22.00,0.00,0.00,0,1
0.00,1746012416.00,0.00,27.37,1007.23,47.17,22.00,0.00,0.00,0,1
0.00,1746012416.00,0.00,27.35,1007.22,47.28,22.00,0.00,0.00,0,1
0.00,1746012416.00,0.00,27.35,1007.23,47.15,22.00,0.00,0.00,0,1
0.00,1746012416.00,0.00,27.36,1007.20,47.12,22.00,0.00,0.00,0,1
0.00,1746012416.00,0.00,27.37,1007.19,47.36,23.00,0.00,0.00,0,1
