20.49,100939.27,74.06,4.89,0.00,171.07,332.36,508.31,429244.00,228,1
20.49,100935.86,74.34,4.89,0.00,180.84,327.47,513.20,429978.00,56,1
20.50,100929.69,74.86,0.00,0.00,161.29,307.92,469.21,430712.00,88,1
20.51,100935.20,74.38,0.00,0.00,156.40,171.07,327.47,431446.00,76,1
20.50,100938.70,74.10,0.00,0.00,151.52,288.37,439.88,432178.00,84,1
20.52,100937.80,74.18,0.00,0.00,146.63,293.26,439.88,432911.00,84,1
20.51,100941.11,73.90,0.00,0.00,136.85,278.59,415.44,433643.00,88,1
20.52,100942.43,73.79,0.00,0.00,107.53,107.53,215.05,434376.00,160,1
20.52,100940.98,73.91,0.00,0.00,122.19,63.54,185.73,435109.00,132,1
20.53,100937.28,74.22,4.89,0.00,127.08,58.65,190.62,435845.00,128,1
20.54,100943.29,73.72,4.89,0.00,127.08,63.54,195.50,436577.00,108,1
20.54,100938.73,74.10,4.89,0.00,131.96,92.86,229.72,437310.00,216,1
20.56,100919.73,75.69,4.89,0.00,278.59,122.19,405.67,439510.00,228,1
20.56,100933.21,74.56,0.00,0.00,337.24,112.41,449.66,440244.00,204,1
20.56,100936.25,74.31,4.89,0.00,342.13,117.30,464.32,440980.00,216,1
20.57,100931.26,74.72,4.89,0.00,317.69,117.30,439.88,441713.00,76,1
20.57,100935.72,74.35,4.89,0.00,141.74,117.30,263.93,442446.00,192,1
20.58,100941.02,73.91,4.89,0.00,107.53,63.54,175.95,443180.00,168,1
20.66,100942.02,73.83,4.89,0.00,63.54,53.76,122.19,453430.00,240,1
20.66,100946.41,73.46,4.89,0.00,63.54,63.54,131.96,454161.00,176,1
20.67,100923.48,75.37,4.89,0.00,78.20,92.86,175.95,454893.00,204,1
20.68,100938.33,74.13,4.89,0.00,102.64,117.30,224.83,455624.00,216,1
20.68,100933.91,74.50,4.89,0.00,122.19,122.19,249.27,456360.00,220,1
20.69,100937.25,74.22,4.89,0.00,97.75,410.56,513.20,457094.00,248,1
20.69,100945.02,73.58,4.89,0.00,97.75,92.86,195.50,457827.00,228,1
20.70,100945.47,73.54,4.89,0.00,97.75,112.41,215.05,458558.00,220,1
20.71,100942.84,73.76,4.89,0.00,92.86,112.41,210.17,459291.00,112,1
20.71,100926.93,75.09,4.89,0.00,102.64,107.53,215.05,460023.00,124,1
20.71,100928.48,74.96,4.89,0.00,112.41,107.53,224.83,460758.00,204,1
20.72,100940.41,73.96,4.89,0.00,112.41,107.53,224.83,461494.00,148,1
20.72,100940.34,73.97,4.89,0.00,112.41,107.53,224.83,462227.00,224,1
20.72,100938.02,74.16,4.89,0.00,112.41,107.53,224.83,462961.00,196,1
20.74,100941.37,73.88,4.89,0.00,107.53,102.64,215.05,463694.00,172,1
20.74,100943.30,73.72,4.89,0.00,107.53,97.75,210.17,464429.00,164,1
20.74,100935.94,74.33,4.89,0.00,102.64,92.86,200.39,465162.00,180,1
20.75,100939.95,74.00,4.89,0.00,102.64,92.86,200.39,465894.00,24,1
20.75,100947.80,73.34,4.89,0.00,97.75,92.86,195.50,466628.00,200,1
20.75,100945.16,73.56,4.89,0.00,107.53,92.86,205.28,467359.00,12,1
20.76,100944.22,73.64,4.89,0.00,102.64,97.75,205.28,468091.00,164,1
20.76,100946.83,73.43,4.89,0.00,107.53,92.86,205.28,468824.00,228,1
20.77,100946.36,73.46,4.89,0.00,127.08,117.30,249.27,469557.00,108,1
20.78,100940.52,73.95,9.78,0.00,229.72,78.20,317.69,470290.00,32,1
20.78,100944.54,73.62,9.78,0.00,307.92,63.54,381.23,471022.00,32,1
20.79,100944.00,73.66,4.89,0.00,263.93,58.65,327.47,471756.00,168,1
20.79,100953.44,72.87,4.89,0.00,435.00,58.65,498.53,472488.00,164,1
20.79,100950.46,73.12,24.44,0.00,571.85,58.65,654.94,473222.00,120,1
20.80,100944.28,73.64,19.55,0.00,635.39,58.65,713.59,473956.00,204,1
20.82,100948.92,73.21,9.78,0.00,449.66,43.99,503.42,478358.00,200,1
20.83,100949.47,73.20,4.89,0.00,757.58,48.88,811.34,479091.00,232,1
20.84,100942.25,73.81,14.66,0.00,821.11,141.74,977.52,479824.00,120,1
20.84,100943.59,73.70,14.66,0.00,879.77,24.44,918.87,480559.00,64,1
20.85,100935.80,74.35,19.55,0.00,904.20,29.33,953.08,481292.00,128,1
20.85,100938.91,74.09,19.55,0.00,884.65,29.33,933.53,482028.00,216,1
20.88,100938.35,74.13,24.44,0.00,904.20,34.21,962.85,487168.00,100,1
20.90,100943.60,73.69,0.00,0.00,659.82,43.99,703.81,513537.00,72,1
20.90,100949.31,73.22,0.00,0.00,659.82,34.21,694.04,514268.00,64,1
20.90,100953.70,72.85,0.00,0.00,659.82,43.99,703.81,514999.00,0,1
20.91,100948.68,73.27,0.00,0.00,684.26,34.21,718.48,522322.00,52,1
20.91,100947.16,73.40,0.00,0.00,689.15,34.21,723.36,523054.00,108,1
20.92,100940.88,73.92,0.00,0.00,689.15,34.21,723.36,523789.00,72,1
20.91,100943.61,73.69,0.00,0.00,63.54,24.44,87.98,524520.00,108,1
20.92,100944.86,73.59,0.00,0.00,58.65,19.55,78.20,525251.00,196,1
20.92,100945.58,73.53,14.66,0.00,483.87,29.33,527.86,527442.00,48,1
20.92,100939.50,74.04,4.89,0.00,791.79,43.99,840.66,528176.00,28,1
20.93,100936.96,74.25,19.55,0.00,762.46,68.43,850.44,528910.00,140,1
20.92,100945.41,73.54,4.89,0.00,728.25,175.95,909.09,529643.00,188,1
20.93,100947.61,73.36,4.89,0.00,723.36,141.74,869.99,530377.00,176,1
20.93,100948.79,73.26,29.33,0.00,752.69,219.94,1001.96,531110.00,136,1
20.93,100945.21,73.56,29.33,0.00,752.69,219.94,1001.96,532582.00,68,1
20.94,100948.49,73.29,14.66,0.00,175.95,48.88,239.49,533316.00,120,1
20.93,100947.58,73.36,19.55,0.00,92.86,34.21,146.63,534062.00,0,1
20.94,100947.72,73.35,14.66,0.00,493.65,39.10,547.41,534792.00,80,1
20.94,100949.23,73.23,4.89,0.00,713.59,39.10,757.58,535525.00,100,1
20.94,100945.59,73.53,4.89,0.00,723.36,39.10,767.35,536257.00,168,1
20.95,100941.67,73.85,14.66,0.00,205.28,39.10,259.04,536990.00,120,1
20.95,100936.27,74.31,19.55,0.00,87.98,39.10,146.63,538457.00,192,1
20.95,100937.45,74.21,14.66,0.00,83.09,39.10,136.85,539192.00,168,1
20.95,100938.97,74.08,14.66,0.00,136.85,39.10,190.62,539924.00,36,1
20.95,100939.64,74.03,29.33,0.00,757.58,58.65,845.55,540657.00,100,1
20.95,100946.41,73.46,24.44,0.00,767.35,58.65,850.44,541390.00,240,1
20.96,100938.57,74.11,29.33,0.00,767.35,58.65,855.33,542125.00,20,1
20.96,100946.78,73.43,24.44,0.00,767.35,58.65,850.44,542857.00,36,1
20.96,100948.70,73.27,24.44,0.00,772.24,58.65,855.33,543590.00,244,1
20.97,100935.77,74.35,29.33,0.00,762.46,58.65,850.44,544326.00,0,1
20.97,100940.84,73.92,9.78,0.00,757.58,48.88,816.23,545057.00,168,1
20.97,100949.19,73.23,4.89,0.00,772.24,39.10,816.23,547253.00,120,1
20.97,100943.88,73.67,24.44,0.00,772.24,48.88,845.55,547986.00,204,1
20.98,100946.45,73.46,24.44,0.00,777.13,53.76,855.33,548719.00,176,1
20.98,100945.54,73.53,29.33,0.00,772.24,53.76,855.33,549455.00,216,1
20.99,100940.98,73.91,29.33,0.00,777.13,53.76,860.22,550190.00,40,1
20.99,100949.09,73.24,34.21,0.00,772.24,78.20,884.65,553124.00,64,1
20.99,100944.03,73.66,29.33,0.00,777.13,117.30,923.75,553857.00,80,1
21.01,100947.89,73.34,14.66,0.00,786.90,68.43,869.99,558252.00,128,1
21.01,100944.95,73.58,9.78,0.00,835.78,68.43,913.98,558985.00,32,1
21.01,100941.06,73.90,9.78,0.00,840.66,68.43,918.87,559719.00,68,1
21.03,100939.38,74.05,9.78,0.00,840.66,68.43,918.87,560451.00,160,1
21.02,100938.23,74.14,4.89,0.00,835.78,63.54,904.20,561183.00,176,1
21.02,100938.67,74.11,4.89,0.00,821.11,63.54,889.54,561916.00,184,1
21.03,100943.78,73.68,4.89,0.00,830.89,63.54,899.32,563381.00,116,1
21.03,100943.67,73.69,9.78,0.00,830.89,63.54,904.20,564846.00,128,1
21.04,100947.53,73.37,9.78,0.00,855.33,63.54,928.64,565579.00,80,1
21.05,100947.50,73.37,0.00,0.00,835.78,63.54,899.32,566311.00,84,1
21.06,100944.50,73.62,0.00,0.00,811.34,48.88,860.22,570705.00,32,1
21.06,100947.44,73.37,0.00,0.00,816.23,53.76,869.99,571438.00,32,1
21.06,100945.08,73.57,4.89,0.00,816.23,63.54,884.65,572169.00,72,1
21.07,100947.82,73.34,4.89,0.00,821.11,58.65,884.65,572900.00,216,1
21.09,100942.49,73.79,0.00,0.00,58.65,34.21,92.86,578763.00,152,1
21.10,100944.39,73.63,24.44,0.00,63.54,48.88,136.85,582424.00,176,1
21.10,100939.15,74.07,9.78,0.00,34.21,43.99,87.98,583156.00,144,1
21.10,100937.63,74.19,4.89,0.00,19.55,4.89,29.33,584617.00,232,1
21.10,100940.41,73.96,4.89,0.00,9.78,19.55,34.21,585350.00,8,1
21.11,100945.38,73.55,0.00,0.00,4.89,9.78,14.66,586807.00,184,1
21.11,100945.41,73.54,0.00,0.00,9.78,0.00,9.78,587535.00,72,1
21.11,100943.55,73.70,4.89,0.00,53.76,19.55,78.20,588262.00,8,1
21.12,100942.61,73.78,4.89,0.00,73.31,9.78,87.98,588990.00,184,1
21.13,100941.61,73.86,4.89,0.00,58.65,4.89,68.43,594098.00,104,1
21.13,100940.76,73.93,9.78,0.00,14.66,9.78,34.21,594827.00,40,1
21.14,100943.84,73.67,4.89,0.00,0.00,0.00,4.89,597015.00,8,1
21.14,100944.17,73.65,58.65,0.00,0.00,0.00,58.65,597740.00,88,1
21.15,100945.63,73.53,53.76,0.00,0.00,0.00,53.76,598468.00,112,1
21.17,100938.81,74.09,0.00,0.00,0.00,0.00,0.00,603570.00,248,1
21.18,100938.25,74.14,0.00,0.00,0.00,0.00,0.00,607205.00,176,1
21.22,100959.33,72.38,0.00,0.00,0.00,0.00,0.00,614476.00,128,1
21.24,100945.58,73.53,0.00,0.00,0.00,0.00,0.00,625388.00,24,1
21.26,100950.31,73.14,0.00,0.00,0.00,0.00,0.00,630475.00,224,1
21.27,100951.06,73.07,0.00,0.00,0.00,0.00,0.00,631202.00,32,1
21.27,100955.27,72.82,0.00,0.00,0.00,0.00,0.00,631928.00,72,1
21.27,100947.14,73.40,0.00,0.00,0.00,0.00,0.00,632654.00,240,1
21.27,100949.84,73.17,0.00,0.00,0.00,0.00,0.00,633382.00,72,1
21.27,100947.38,73.38,0.00,0.00,0.00,0.00,0.00,634108.00,248,1
21.27,100942.82,73.76,0.00,0.00,0.00,0.00,0.00,634838.00,128,1
21.28,100941.40,73.88,0.00,0.00,0.00,0.00,0.00,635565.00,0,1
21.28,100941.06,73.90,0.00,0.00,0.00,0.00,0.00,636290.00,16,1
21.28,100949.48,73.20,0.00,0.00,0.00,0.00,0.00,637016.00,176,1
21.28,100954.63,72.77,0.00,0.00,0.00,0.00,0.00,637743.00,128,1
21.29,100949.11,73.24,0.00,0.00,0.00,0.00,0.00,639198.00,224,1
21.29,100951.21,73.06,0.00,0.00,0.00,0.00,0.00,639927.00,104,1
21.29,100945.36,73.55,0.00,0.00,0.00,0.00,0.00,640654.00,72,1
21.29,100946.04,73.49,0.00,0.00,0.00,0.00,0.00,641380.00,32,1
21.30,100946.28,73.47,0.00,0.00,0.00,0.00,0.00,642106.00,208,1
21.30,100948.20,73.31,0.00,0.00,0.00,0.00,0.00,642833.00,128,1
21.30,100947.60,73.36,0.00,0.00,0.00,0.00,0.00,644288.00,160,1
21.30,100947.60,73.36,0.00,0.00,0.00,0.00,0.00,645015.00,160,1
21.31,100956.70,72.60,0.00,0.00,0.00,0.00,0.00,645744.00,168,1
21.31,100951.77,73.01,0.00,0.00,0.00,0.00,0.00,646471.00,224,1
21.31,100943.58,73.70,0.00,0.00,0.00,0.00,0.00,647199.00,80,1
21.31,100947.20,73.39,0.00,0.00,0.00,0.00,0.00,647925.00,48,1
21.32,100942.23,73.81,0.00,0.00,0.00,0.00,0.00,648651.00,8,1
21.33,100943.32,73.72,0.00,0.00,0.00,0.00,0.00,653014.00,184,1
21.33,100943.89,73.67,0.00,0.00,0.00,0.00,0.00,653741.00,224,1
21.34,100948.94,73.25,0.00,0.00,0.00,0.00,0.00,654468.00,176,1
21.35,100946.13,73.48,0.00,0.00,0.00,0.00,0.00,655195.00,168,1
21.35,100946.94,73.42,0.00,0.00,0.00,0.00,0.00,655922.00,240,1
21.36,100950.30,73.17,0.00,0.00,0.00,0.00,0.00,657378.00,232,1
21.36,100941.61,73.86,0.00,0.00,0.00,0.00,0.00,658105.00,200,1
21.37,100942.32,73.80,0.00,0.00,0.00,0.00,0.00,659557.00,56,1
21.42,100949.13,73.23,0.00,0.00,0.00,0.00,0.00,669734.00,24,1
21.42,100951.56,73.03,0.00,0.00,0.00,0.00,0.00,670460.00,136,1
21.43,100943.86,73.67,0.00,0.00,0.00,0.00,0.00,671187.00,192,1
21.43,100947.31,73.38,0.00,0.00,0.00,0.00,0.00,671915.00,96,1
21.43,100949.51,73.20,0.00,0.00,0.00,0.00,0.00,672641.00,192,1
21.45,100942.98,73.75,0.00,0.00,0.00,0.00,0.00,675550.00,192,1
21.47,100947.46,73.37,0.00,0.00,0.00,0.00,0.00,679185.00,72,1
21.47,100940.77,73.93,0.00,0.00,0.00,0.00,0.00,680638.00,120,1
21.47,100943.91,73.67,0.00,0.00,0.00,0.00,0.00,681365.00,152,1
21.48,100941.69,73.85,0.00,0.00,0.00,0.00,0.00,682093.00,40,1
21.48,100946.82,73.43,0.00,0.00,0.00,0.00,0.00,682819.00,152,1
21.48,100946.89,73.42,0.00,0.00,0.00,0.00,0.00,683546.00,160,1
21.49,100946.35,73.47,0.00,0.00,0.00,0.00,0.00,684275.00,48,1
21.50,100954.41,72.79,0.00,0.00,0.00,0.00,0.00,687908.00,56,1
21.50,100944.50,73.62,0.00,0.00,0.00,0.00,0.00,688634.00,64,1
21.51,100945.81,73.51,0.00,0.00,0.00,0.00,0.00,689360.00,80,1
21.52,100947.07,73.41,0.00,0.00,0.00,0.00,0.00,690089.00,144,1
21.52,100954.01,72.83,0.00,0.00,0.00,0.00,0.00,690817.00,104,1
21.52,100951.61,73.03,0.00,0.00,0.00,0.00,0.00,691544.00,136,1
21.53,100943.46,73.71,0.00,0.00,0.00,0.00,0.00,692271.00,152,1
21.53,100946.23,73.47,0.00,0.00,0.00,0.00,0.00,692998.00,152,1
21.55,100951.38,73.05,0.00,0.00,0.00,0.00,0.00,695907.00,192,1
21.56,100946.45,73.46,0.00,0.00,0.00,0.00,0.00,697360.00,144,1
21.56,100946.03,73.49,0.00,0.00,0.00,0.00,0.00,698087.00,104,1
21.58,100947.20,73.39,0.00,0.00,0.00,0.00,0.00,700997.00,144,1
21.58,100949.56,73.20,0.00,0.00,0.00,0.00,0.00,701724.00,96,1
21.58,100949.73,73.42,0.00,0.00,0.00,0.00,0.00,702451.00,136,1
21.59,100954.64,72.77,0.00,0.00,0.00,0.00,0.00,703178.00,48,1
21.59,100945.95,73.50,0.00,0.00,0.00,0.00,0.00,703904.00,168,1
21.61,100945.75,73.52,0.00,0.00,0.00,0.00,0.00,707542.00,176,1
21.61,100961.24,72.22,0.00,0.00,0.00,0.00,0.00,708269.00,56,1
21.62,100949.78,73.18,0.00,0.00,0.00,0.00,0.00,708995.00,184,1
21.62,100973.13,71.23,0.00,0.00,0.00,0.00,0.00,709722.00,16,1
21.63,100948.50,73.29,0.00,0.00,0.00,0.00,0.00,710448.00,216,1
21.64,100949.01,73.24,0.00,0.00,0.00,0.00,0.00,712628.00,144,1
21.65,100997.86,69.17,0.00,0.00,0.00,0.00,0.00,713355.00,16,1
21.65,100947.45,73.37,0.00,0.00,0.00,0.00,0.00,714081.00,160,1
21.66,100943.02,73.74,0.00,0.00,0.00,0.00,0.00,714809.00,104,1
21.66,100943.94,73.67,0.00,0.00,0.00,0.00,0.00,715536.00,184,1
21.67,100954.83,72.76,0.00,0.00,0.00,0.00,0.00,716263.00,152,1
21.67,100951.25,73.06,0.00,0.00,0.00,0.00,0.00,716992.00,24,1
21.68,100943.09,73.74,0.00,0.00,0.00,0.00,0.00,717718.00,192,1
21.69,100954.23,72.81,0.00,0.00,0.00,0.00,0.00,718445.00,192,1
21.69,100953.28,72.89,0.00,0.00,0.00,0.00,0.00,719173.00,200,1
21.69,100948.98,73.24,0.00,0.00,0.00,0.00,0.00,719900.00,56,1
21.70,100946.19,73.48,0.00,0.00,0.00,0.00,0.00,720626.00,208,1
21.70,100951.84,73.01,0.00,0.00,0.00,0.00,0.00,721353.00,216,1
21.71,100950.38,73.13,0.00,0.00,0.00,0.00,0.00,722080.00,80,1
21.71,100947.51,73.37,0.00,0.00,0.00,0.00,0.00,722808.00,160,1
21.71,100952.92,72.92,0.00,0.00,0.00,0.00,0.00,723536.00,248,1
21.72,100939.90,74.00,0.00,0.00,0.00,0.00,0.00,725718.00,160,1
21.73,100945.14,73.57,0.00,0.00,0.00,0.00,0.00,726445.00,128,1
21.73,100942.91,73.75,0.00,0.00,0.00,0.00,0.00,727901.00,112,1
21.76,100947.52,73.37,0.00,0.00,0.00,0.00,0.00,731534.00,64,1
21.77,100938.02,74.16,0.00,0.00,0.00,0.00,0.00,732260.00,112,1
21.77,100942.72,73.77,0.00,0.00,0.00,0.00,0.00,732987.00,32,1
21.79,100949.76,73.18,0.00,0.00,0.00,0.00,0.00,734443.00,104,1
21.78,100942.45,73.79,0.00,0.00,0.00,0.00,0.00,735170.00,192,1
21.78,100940.55,73.95,0.00,0.00,0.00,0.00,0.00,735897.00,16,1
21.79,100942.99,73.75,0.00,0.00,0.00,0.00,0.00,736623.00,136,1
21.80,100942.96,73.75,0.00,0.00,0.00,0.00,0.00,737350.00,128,1
21.80,100944.55,73.61,0.00,0.00,0.00,0.00,0.00,738077.00,16,1
21.82,100947.43,73.37,0.00,0.00,0.00,0.00,0.00,740260.00,216,1
21.82,100954.94,72.75,0.00,0.00,0.00,0.00,0.00,740987.00,128,1
21.82,100950.17,73.15,0.00,0.00,0.00,0.00,0.00,741714.00,200,1
21.83,100942.13,73.82,0.00,0.00,0.00,0.00,0.00,742441.00,224,1
21.83,100949.37,73.21,0.00,0.00,0.00,0.00,0.00,743169.00,216,1
21.83,100943.27,73.72,0.00,0.00,0.00,0.00,0.00,743897.00,16,1
21.84,100939.52,74.04,0.00,0.00,0.00,0.00,0.00,744625.00,24,1
21.84,100942.73,73.77,0.00,0.00,0.00,0.00,0.00,745351.00,216,1
21.85,100944.73,73.60,0.00,0.00,0.00,0.00,0.00,746078.00,136,1
21.85,100945.61,73.53,0.00,0.00,0.00,0.00,0.00,746805.00,216,1
21.86,100940.09,73.99,0.00,0.00,0.00,0.00,0.00,747532.00,216,1
21.86,100946.53,73.45,0.00,0.00,0.00,0.00,0.00,748259.00,40,1
21.87,100940.67,73.94,0.00,0.00,0.00,0.00,0.00,748985.00,168,1
21.87,100943.08,73.74,0.00,0.00,0.00,0.00,0.00,749712.00,128,1
21.88,100943.66,73.69,0.00,0.00,0.00,0.00,0.00,750442.00,224,1
21.89,100939.63,74.03,0.00,0.00,0.00,0.00,0.00,751169.00,104,1
21.90,100942.20,73.81,0.00,0.00,0.00,0.00,0.00,751896.00,80,1
21.90,100943.28,73.72,0.00,0.00,0.00,0.00,0.00,752622.00,72,1
21.90,100944.54,73.62,0.00,0.00,0.00,0.00,0.00,753348.00,88,1
21.90,100938.55,74.12,0.00,0.00,0.00,0.00,0.00,754074.00,200,1
21.91,100934.96,74.41,0.00,0.00,0.00,0.00,0.00,754801.00,120,1
21.92,100938.28,74.14,0.00,0.00,0.00,0.00,0.00,755531.00,216,1
21.92,100940.98,73.91,0.00,0.00,0.00,0.00,0.00,756258.00,200,1
21.92,100942.17,73.81,0.00,0.00,0.00,0.00,0.00,756985.00,48,1
21.93,100942.98,73.75,0.00,0.00,0.00,0.00,0.00,757711.00,16,1
21.93,100940.92,73.92,0.00,0.00,0.00,0.00,0.00,758437.00,240,1
21.94,100944.72,73.60,0.00,0.00,0.00,0.00,0.00,759164.00,72,1
21.94,100943.33,73.72,0.00,0.00,0.00,0.00,0.00,759890.00,96,1
21.95,100944.68,73.60,0.00,0.00,0.00,0.00,0.00,760616.00,120,1
21.95,100942.52,73.79,0.00,0.00,0.00,0.00,0.00,761347.00,64,1
21.96,100942.25,73.81,0.00,0.00,0.00,0.00,0.00,762073.00,192,1
21.96,100945.88,73.51,0.00,0.00,0.00,0.00,0.00,762800.00,8,1
21.97,100949.22,73.23,0.00,0.00,0.00,0.00,0.00,763525.00,112,1
21.97,100939.17,74.06,0.00,0.00,0.00,0.00,0.00,764253.00,48,1
21.98,100944.11,73.65,0.00,0.00,0.00,0.00,0.00,764979.00,144,1
21.98,100947.66,73.35,0.00,0.00,0.00,0.00,0.00,765706.00,208,1
21.98,100952.10,72.98,0.00,0.00,0.00,0.00,0.00,766435.00,48,1
21.99,100950.31,73.14,0.00,0.00,0.00,0.00,0.00,767162.00,136,1
21.99,100945.13,73.57,0.00,0.00,0.00,0.00,0.00,767889.00,168,1
22.00,100948.89,73.22,0.00,0.00,0.00,0.00,0.00,768616.00,0,1
22.01,100962.22,72.14,0.00,0.00,0.00,0.00,0.00,769341.00,248,1
22.01,100951.22,73.06,0.00,0.00,0.00,0.00,0.00,770068.00,8,1
22.01,100948.69,73.27,0.00,0.00,0.00,0.00,0.00,770793.00,80,1
22.02,100948.63,73.28,0.00,0.00,0.00,0.00,0.00,771519.00,232,1
22.03,100951.77,73.01,0.00,0.00,0.00,0.00,0.00,772249.00,48,1
22.03,100961.92,72.17,0.00,0.00,0.00,0.00,0.00,772975.00,104,1
22.04,100962.84,72.09,0.00,0.00,0.00,0.00,0.00,773702.00,192,1
22.04,100960.54,72.28,0.00,0.00,0.00,0.00,0.00,774429.00,224,1
22.05,100955.59,72.69,0.00,0.00,0.00,0.00,0.00,775156.00,24,1
22.05,100948.55,73.28,0.00,0.00,0.00,0.00,0.00,775882.00,40,1
22.05,100948.39,73.29,0.00,0.00,0.00,0.00,0.00,776608.00,184,1
22.06,100953.09,72.90,0.00,0.00,0.00,0.00,0.00,777336.00,200,1
22.07,100946.66,73.44,0.00,0.00,0.00,0.00,0.00,778065.00,64,1
22.08,100946.91,73.42,0.00,0.00,0.00,0.00,0.00,778791.00,232,1
22.08,100951.38,73.05,0.00,0.00,0.00,0.00,0.00,779518.00,128,1
22.09,100951.51,73.04,0.00,0.00,0.00,0.00,0.00,780246.00,240,1
22.09,100953.27,72.89,0.00,0.00,0.00,0.00,0.00,780973.00,144,1
22.10,100949.34,73.21,0.00,0.00,0.00,0.00,0.00,781701.00,128,1
22.10,100949.11,73.24,0.00,0.00,0.00,0.00,0.00,782428.00,104,1
22.10,100947.14,73.40,0.00,0.00,0.00,0.00,0.00,783157.00,120,1
22.11,100954.11,72.82,0.00,0.00,0.00,0.00,0.00,783884.00,248,1
22.11,100943.76,73.68,0.00,0.00,0.00,0.00,0.00,784612.00,168,1
22.12,100949.48,73.20,0.00,0.00,0.00,0.00,0.00,785339.00,176,1
22.12,100950.66,73.10,0.00,0.00,0.00,0.00,0.00,786066.00,16,1
22.13,100945.99,73.49,0.00,0.00,0.00,0.00,0.00,786792.00,0,1
22.13,100947.99,73.33,0.00,0.00,0.00,0.00,0.00,787517.00,232,1
22.14,100949.82,73.05,0.00,0.00,0.00,0.00,0.00,788244.00,128,1
22.16,100949.72,73.18,0.00,0.00,0.00,0.00,0.00,789701.00,176,1
22.15,100951.52,73.04,0.00,0.00,0.00,0.00,0.00,790428.00,80,1
22.17,100955.38,72.71,0.00,0.00,0.00,0.00,0.00,791154.00,72,1
22.17,100952.50,72.95,0.00,0.00,0.00,0.00,0.00,791880.00,216,1
22.17,100946.78,73.43,0.00,0.00,0.00,0.00,0.00,792607.00,200,1
22.18,100938.01,74.16,0.00,0.00,0.00,0.00,0.00,793334.00,168,1
22.18,101246.55,48.45,0.00,0.00,0.00,0.00,0.00,794071.00,0,1
22.21,100942.78,73.76,0.00,0.00,0.00,0.00,0.00,796975.00,160,1
22.21,100945.59,73.53,0.00,0.00,0.00,0.00,0.00,797703.00,0,1
22.21,100946.58,73.44,0.00,0.00,0.00,0.00,0.00,798428.00,144,1
22.22,100939.20,74.06,0.00,0.00,0.00,0.00,0.00,799155.00,232,1
22.22,100940.95,73.91,0.00,0.00,0.00,0.00,0.00,799884.00,72,1
22.23,100944.48,73.62,0.00,0.00,0.00,0.00,0.00,800610.00,40,1
22.23,100940.75,73.93,0.00,0.00,0.00,0.00,0.00,801336.00,104,1
22.24,100937.33,74.22,0.00,0.00,0.00,0.00,0.00,802064.00,152,1
22.24,100938.86,74.09,0.00,0.00,0.00,0.00,0.00,802791.00,24,1
22.25,100934.66,74.44,0.00,0.00,0.00,0.00,0.00,803517.00,56,1
22.25,100939.33,74.05,0.00,0.00,0.00,0.00,0.00,804243.00,120,1
22.25,100933.13,74.57,0.00,0.00,0.00,0.00,0.00,804970.00,56,1
22.27,100935.50,74.37,0.00,0.00,0.00,0.00,0.00,805699.00,216,1
22.27,100939.70,74.02,0.00,0.00,0.00,0.00,0.00,806426.00,88,1
22.27,100942.34,73.80,0.00,0.00,0.00,0.00,0.00,807152.00,224,1
22.28,100944.27,73.64,0.00,0.00,0.00,0.00,0.00,807879.00,144,1
22.28,100942.95,73.75,0.00,0.00,0.00,0.00,0.00,808606.00,16,1
22.29,100943.19,74.05,0.00,0.00,0.00,0.00,0.00,809332.00,224,1
22.30,100943.84,73.67,0.00,0.00,0.00,0.00,0.00,810059.00,248,1
22.31,100942.24,73.81,0.00,0.00,0.00,0.00,0.00,810789.00,144,1
22.31,100935.47,74.37,0.00,0.00,0.00,0.00,0.00,811516.00,32,1
22.33,100940.34,73.97,0.00,0.00,0.00,0.00,0.00,814424.00,208,1
22.33,100940.08,73.99,0.00,0.00,0.00,0.00,0.00,815151.00,176,1
22.35,100942.72,73.77,0.00,0.00,0.00,0.00,0.00,815878.00,160,1
22.35,100940.86,73.92,0.00,0.00,0.00,0.00,0.00,816608.00,32,1
22.35,100942.45,73.79,0.00,0.00,0.00,0.00,0.00,817334.00,80,1
22.39,100941.23,73.89,0.00,0.00,0.00,0.00,0.00,822423.00,192,1
22.40,100940.14,73.98,0.00,0.00,0.00,0.00,0.00,823877.00,88,1
22.40,100936.42,74.29,0.00,0.00,0.00,0.00,0.00,824604.00,0,1
22.41,100930.97,74.75,0.00,0.00,0.00,0.00,0.00,826055.00,216,1
22.42,100932.93,74.58,0.00,0.00,0.00,0.00,0.00,826782.00,136,1
22.42,100938.01,74.16,0.00,0.00,0.00,0.00,0.00,827511.00,32,1
22.43,100939.94,74.00,0.00,0.00,0.00,0.00,0.00,828238.00,208,1
22.44,100944.20,73.68,0.00,0.00,0.00,0.00,0.00,828965.00,80,1
22.44,100939.09,74.07,0.00,0.00,0.00,0.00,0.00,829691.00,24,1
22.44,100939.50,74.04,0.00,0.00,0.00,0.00,0.00,830417.00,208,1
22.45,100940.14,73.98,0.00,0.00,0.00,0.00,0.00,831144.00,8,1
22.45,100944.03,73.66,0.00,0.00,0.00,0.00,0.00,831869.00,160,1
22.46,100942.61,73.78,0.00,0.00,0.00,0.00,0.00,832600.00,176,1
22.50,100935.70,74.35,0.00,0.00,0.00,0.00,0.00,836957.00,48,1
22.51,100938.52,74.12,0.00,0.00,0.00,0.00,0.00,838417.00,128,1
22.51,100942.07,73.82,0.00,0.00,0.00,0.00,0.00,839144.00,192,1
22.53,100940.27,73.97,0.00,0.00,0.00,0.00,0.00,840599.00,120,1
22.53,100935.59,74.36,0.00,0.00,0.00,0.00,0.00,841326.00,200,1
22.53,100941.80,73.84,0.00,0.00,0.00,0.00,0.00,842053.00,0,1
22.53,100942.54,73.78,0.00,0.00,0.00,0.00,0.00,842778.00,120,1
22.54,100939.42,74.04,0.00,0.00,0.00,0.00,0.00,843505.00,80,1
22.55,100933.80,74.51,0.00,0.00,0.00,0.00,0.00,844233.00,176,1
22.56,100938.75,74.10,0.00,0.00,0.00,0.00,0.00,845687.00,112,1
22.56,100932.89,74.59,0.00,0.00,0.00,0.00,0.00,846415.00,184,1
22.57,100935.05,74.41,0.00,0.00,0.00,0.00,0.00,847142.00,120,1
22.58,100937.12,74.23,0.00,0.00,0.00,0.00,0.00,848596.00,48,1
22.59,100938.61,74.11,0.00,0.00,0.00,0.00,0.00,849325.00,128,1
22.59,100921.13,75.15,0.00,0.00,0.00,0.00,0.00,850053.00,112,1
22.60,100929.16,74.90,0.00,0.00,0.00,0.00,0.00,850780.00,120,1
22.62,100935.48,74.37,0.00,0.00,0.00,0.00,0.00,852961.00,184,1
22.62,100928.38,74.96,0.00,0.00,0.00,0.00,0.00,853688.00,32,1
22.62,100933.69,74.52,0.00,0.00,0.00,0.00,0.00,854414.00,160,1
22.63,100935.66,74.36,0.00,0.00,0.00,0.00,0.00,855871.00,120,1
22.64,100933.34,74.55,0.00,0.00,0.00,0.00,0.00,856598.00,160,1
22.64,100940.80,73.93,0.00,0.00,0.00,0.00,0.00,857325.00,80,1
22.66,100937.89,74.17,0.00,0.00,0.00,0.00,0.00,858777.00,120,1
22.67,100935.41,74.38,0.00,0.00,0.00,0.00,0.00,859504.00,136,1
22.67,100939.55,74.03,0.00,0.00,0.00,0.00,0.00,860234.00,48,1
22.68,100933.98,74.50,0.00,0.00,0.00,0.00,0.00,860960.00,208,1
22.68,100932.53,74.62,0.00,0.00,0.00,0.00,0.00,861687.00,64,1
22.69,100931.17,74.73,0.00,0.00,0.00,0.00,0.00,862413.00,96,1
22.70,100929.24,74.89,0.00,0.00,0.00,0.00,0.00,863139.00,72,1
22.70,100930.91,74.75,0.00,0.00,0.00,0.00,0.00,863865.00,120,1
22.70,100930.13,74.82,0.00,0.00,0.00,0.00,0.00,864592.00,40,1
22.71,100913.01,76.25,0.00,0.00,0.00,0.00,0.00,865318.00,168,1
22.73,100922.29,75.47,0.00,0.00,0.00,0.00,0.00,867503.00,128,1
22.73,100926.52,75.12,0.00,0.00,0.00,0.00,0.00,868230.00,0,1
22.74,100924.36,75.30,0.00,0.00,0.00,0.00,0.00,868955.00,104,1
22.74,100922.66,75.50,0.00,0.00,0.00,0.00,0.00,869682.00,208,1
22.74,100926.02,75.16,0.00,0.00,0.00,0.00,0.00,870410.00,96,1
22.75,100930.42,74.79,0.00,0.00,0.00,0.00,0.00,871136.00,144,1
22.76,100930.08,74.82,0.00,0.00,0.00,0.00,0.00,871861.00,160,1
22.78,100935.87,74.34,0.00,0.00,0.00,0.00,0.00,874041.00,72,1
22.78,100933.91,74.50,0.00,0.00,0.00,0.00,0.00,874767.00,40,1
22.78,100935.05,74.41,0.00,0.00,0.00,0.00,0.00,875493.00,48,1
22.79,100933.59,74.53,0.00,0.00,0.00,0.00,0.00,876220.00,168,1
22.79,100928.48,74.96,0.00,0.00,0.00,0.00,0.00,876949.00,152,1
22.84,100926.77,75.10,0.00,0.00,0.00,0.00,0.00,883491.00,120,1
22.85,100938.94,74.08,0.00,0.00,0.00,0.00,0.00,884218.00,200,1
22.85,100927.52,75.04,0.00,0.00,0.00,0.00,0.00,884945.00,176,1
22.86,100934.94,74.42,0.00,0.00,0.00,0.00,0.00,885672.00,80,1
22.86,100940.94,74.24,0.00,0.00,0.00,0.00,0.00,886398.00,56,1
22.87,100925.28,75.22,0.00,0.00,0.00,0.00,0.00,887124.00,16,1
22.87,100930.70,74.77,0.00,0.00,0.00,0.00,0.00,887854.00,48,1
22.88,100932.36,74.63,0.00,0.00,0.00,0.00,0.00,888580.00,88,1
22.88,100932.25,74.64,0.00,0.00,0.00,0.00,0.00,889306.00,232,1
22.89,100929.84,74.84,0.00,0.00,0.00,0.00,0.00,890033.00,8,1
22.89,100917.20,75.90,0.00,0.00,0.00,0.00,0.00,890758.00,184,1
22.90,100936.66,74.27,0.00,0.00,0.00,0.00,0.00,891485.00,168,1
22.91,100934.99,74.41,0.00,0.00,0.00,0.00,0.00,892212.00,16,1
22.92,100939.77,74.01,0.00,0.00,0.00,0.00,0.00,892939.00,192,1
22.92,100955.70,72.68,0.00,0.00,0.00,0.00,0.00,893668.00,56,1
22.93,100956.52,72.62,0.00,0.00,0.00,0.00,0.00,894394.00,32,1
22.93,100942.00,73.83,0.00,0.00,0.00,0.00,0.00,895120.00,128,1
22.93,100944.00,73.66,0.00,0.00,0.00,0.00,0.00,895848.00,160,1
22.94,100939.63,74.03,0.00,0.00,0.00,0.00,0.00,896575.00,8,1
22.95,100946.75,73.43,0.00,0.00,0.00,0.00,0.00,897300.00,200,1
22.95,100951.49,73.04,0.00,0.00,0.00,0.00,0.00,898027.00,120,1
22.96,100937.25,74.22,0.00,0.00,0.00,0.00,0.00,898756.00,32,1
22.96,100943.19,73.73,0.00,0.00,0.00,0.00,0.00,899483.00,64,1
22.96,100940.09,73.99,0.00,0.00,0.00,0.00,0.00,900210.00,32,1
22.97,100928.91,74.92,0.00,0.00,0.00,0.00,0.00,900937.00,32,1
22.97,100918.03,75.83,0.00,0.00,0.00,0.00,0.00,901664.00,48,1
22.98,100916.57,75.95,0.00,0.00,0.00,0.00,0.00,902391.00,168,1
22.98,100925.58,75.20,0.00,0.00,0.00,0.00,0.00,903120.00,168,1
22.99,100947.62,73.36,0.00,0.00,0.00,0.00,0.00,903848.00,240,1
23.00,100945.20,73.56,0.00,0.00,0.00,0.00,0.00,904579.00,152,1
23.01,100936.86,74.26,0.00,0.00,0.00,0.00,0.00,905308.00,104,1
23.01,100929.06,74.91,0.00,0.00,0.00,0.00,0.00,906036.00,0,1
23.01,100939.74,74.02,0.00,0.00,0.00,0.00,0.00,906762.00,96,1
23.02,100922.76,74.95,0.00,0.00,0.00,0.00,0.00,907489.00,32,1
23.02,100915.50,76.04,0.00,0.00,0.00,0.00,0.00,908216.00,176,1
23.03,100916.82,75.93,0.00,0.00,0.00,0.00,0.00,908944.00,136,1
23.04,100922.81,75.43,0.00,0.00,0.00,0.00,0.00,909675.00,56,1
23.04,100914.81,76.09,0.00,0.00,0.00,0.00,0.00,910402.00,88,1
23.05,100921.73,75.52,0.00,0.00,0.00,0.00,0.00,911129.00,208,1
23.05,100912.47,76.29,0.00,0.00,0.00,0.00,0.00,912586.00,168,1
23.06,100919.28,75.72,0.00,0.00,0.00,0.00,0.00,913314.00,120,1
23.06,100921.15,75.57,0.00,0.00,0.00,0.00,0.00,914042.00,128,1
23.08,100922.60,75.45,0.00,0.00,0.00,0.00,0.00,915501.00,248,1
23.08,100932.94,74.58,0.00,0.00,0.00,0.00,0.00,916229.00,8,1
23.09,100925.25,75.23,0.00,0.00,0.00,0.00,0.00,916955.00,224,1
23.10,100925.14,75.23,0.00,0.00,0.00,0.00,0.00,917683.00,56,1
23.10,100926.63,75.11,0.00,0.00,0.00,0.00,0.00,918410.00,184,1
23.11,100928.63,74.94,0.00,0.00,0.00,0.00,0.00,919139.00,56,1
23.11,100924.13,75.32,0.00,0.00,0.00,0.00,0.00,919866.00,152,1
23.11,100925.55,75.20,0.00,0.00,0.00,0.00,0.00,920596.00,64,1
23.12,100919.23,75.73,0.00,0.00,0.00,0.00,0.00,921323.00,248,1
23.13,100913.09,76.24,0.00,0.00,0.00,0.00,0.00,922052.00,144,1
23.13,100918.25,75.81,0.00,0.00,0.00,0.00,0.00,922780.00,200,1
23.13,100917.53,75.87,0.00,0.00,0.00,0.00,0.00,923508.00,224,1
23.14,100914.14,76.15,0.00,0.00,0.00,0.00,0.00,924236.00,16,1
23.14,100915.12,76.07,0.00,0.00,0.00,0.00,0.00,924963.00,96,1
23.15,100910.51,76.45,0.00,0.00,0.00,0.00,0.00,925690.00,192,1
23.15,100924.98,75.25,0.00,0.00,0.00,0.00,0.00,926422.00,216,1
23.16,100933.77,74.51,0.00,0.00,0.00,0.00,0.00,927150.00,96,1
23.16,100926.03,75.16,0.00,0.00,0.00,0.00,0.00,927877.00,152,1
23.17,100926.33,75.14,0.00,0.00,0.00,0.00,0.00,928605.00,16,1
23.17,100927.92,75.00,0.00,0.00,0.00,0.00,0.00,929332.00,168,1
23.18,100929.83,74.84,0.00,0.00,0.00,0.00,0.00,930060.00,176,1
23.18,100930.27,74.81,0.00,0.00,0.00,0.00,0.00,930788.00,56,1
23.19,100930.63,74.78,0.00,0.00,0.00,0.00,0.00,931518.00,136,1
23.20,100928.39,74.96,0.00,0.00,0.00,0.00,0.00,932246.00,24,1
23.20,100929.41,74.88,0.00,0.00,0.00,0.00,0.00,932973.00,112,1
23.20,100924.29,75.30,0.00,0.00,0.00,0.00,0.00,933701.00,0,1
23.21,100926.69,75.11,0.00,0.00,0.00,0.00,0.00,934427.00,112,1
23.21,100928.22,74.98,0.00,0.00,0.00,0.00,0.00,935155.00,88,1
23.22,100932.69,74.60,0.00,0.00,0.00,0.00,0.00,935883.00,88,1
23.22,100934.45,74.46,0.00,0.00,0.00,0.00,0.00,936610.00,248,1
23.23,100936.55,74.28,0.00,0.00,0.00,0.00,0.00,937340.00,224,1
23.24,100924.11,75.32,0.00,0.00,0.00,0.00,0.00,938068.00,208,1
23.23,100923.19,75.40,0.00,0.00,0.00,0.00,0.00,938798.00,160,1
23.24,100928.98,74.91,0.00,0.00,0.00,0.00,0.00,939526.00,16,1
23.25,100927.42,75.04,0.00,0.00,0.00,0.00,0.00,940253.00,128,1
23.25,100927.02,75.08,0.00,0.00,0.00,0.00,0.00,940981.00,192,1
23.25,100918.44,75.79,0.00,0.00,0.00,0.00,0.00,941709.00,8,1
23.26,100905.00,76.91,0.00,0.00,0.00,0.00,0.00,942438.00,0,1
23.26,100924.16,75.25,0.00,0.00,0.00,0.00,0.00,943164.00,112,1
23.27,100927.75,75.02,0.00,0.00,0.00,0.00,0.00,943892.00,32,1
23.27,100929.63,74.89,0.00,0.00,0.00,0.00,0.00,944619.00,200,1
23.28,100905.03,76.91,0.00,0.00,0.00,0.00,0.00,945347.00,88,1
23.28,100919.34,75.72,0.00,0.00,0.00,0.00,0.00,946075.00,216,1
23.28,100926.80,75.10,0.00,0.00,0.00,0.00,0.00,946803.00,224,1
23.30,100919.88,75.67,0.00,0.00,0.00,0.00,0.00,947531.00,200,1
23.30,100923.84,75.34,0.00,0.00,0.00,0.00,0.00,948261.00,96,1
23.31,100917.59,75.86,0.00,0.00,0.00,0.00,0.00,948989.00,128,1
23.31,100910.30,76.47,0.00,0.00,0.00,0.00,0.00,949718.00,176,1
23.31,100910.47,76.46,0.00,0.00,0.00,0.00,0.00,950446.00,24,1
23.32,100919.19,75.73,0.00,0.00,0.00,0.00,0.00,951173.00,56,1
23.33,100925.97,75.16,0.00,0.00,0.00,0.00,0.00,951900.00,160,1
23.33,100925.86,75.18,0.00,0.00,0.00,0.00,0.00,952628.00,248,1
23.33,100921.38,75.55,0.00,0.00,0.00,0.00,0.00,953359.00,232,1
23.34,100917.69,75.86,0.00,0.00,0.00,0.00,0.00,954087.00,240,1
23.35,100925.86,75.18,0.00,0.00,0.00,0.00,0.00,954815.00,64,1
23.35,100922.53,75.45,0.00,0.00,0.00,0.00,0.00,955542.00,16,1
23.35,100917.51,75.87,0.00,0.00,0.00,0.00,0.00,956269.00,64,1
23.36,100920.19,75.65,0.00,0.00,0.00,0.00,0.00,956996.00,56,1
23.36,100919.84,75.68,0.00,0.00,0.00,0.00,0.00,957724.00,112,1
23.37,100916.25,75.98,0.00,0.00,0.00,0.00,0.00,958452.00,136,1
23.38,100921.20,75.56,0.00,0.00,0.00,0.00,0.00,959182.00,120,1
23.39,100924.38,75.30,0.00,0.00,0.00,0.00,0.00,959910.00,240,1
23.39,100925.63,75.19,0.00,0.00,0.00,0.00,0.00,960640.00,152,1
23.39,100928.08,74.99,0.00,0.00,0.00,0.00,0.00,961368.00,216,1
23.40,100927.63,75.03,0.00,0.00,0.00,0.00,0.00,962096.00,8,1
23.41,100928.61,74.95,0.00,0.00,0.00,0.00,0.00,962822.00,0,1
23.41,100918.77,75.76,0.00,0.00,0.00,0.00,0.00,963548.00,24,1
23.41,100919.34,75.72,0.00,0.00,0.00,0.00,0.00,964278.00,112,1
23.42,100914.63,76.11,0.00,0.00,0.00,0.00,0.00,965006.00,32,1
23.42,100920.46,75.62,0.00,0.00,0.00,0.00,0.00,965733.00,48,1
23.43,100916.80,75.93,0.00,0.00,0.00,0.00,0.00,966460.00,224,1
23.43,100925.07,75.24,0.00,0.00,0.00,0.00,0.00,967188.00,56,1
23.44,100926.73,75.10,0.00,0.00,0.00,0.00,0.00,967915.00,200,1
23.44,100922.39,75.46,0.00,0.00,0.00,0.00,0.00,968643.00,152,1
23.45,100925.13,75.24,0.00,0.00,0.00,0.00,0.00,969371.00,240,1
23.45,100924.52,75.29,0.00,0.00,0.00,0.00,0.00,970102.00,80,1
23.46,100922.72,75.44,0.00,0.00,0.00,0.00,0.00,970829.00,168,1
23.46,100920.17,75.65,0.00,0.00,0.00,0.00,0.00,971557.00,24,1
23.46,100921.33,75.55,0.00,0.00,0.00,0.00,0.00,972284.00,136,1
23.47,100922.51,75.45,0.00,0.00,0.00,0.00,0.00,973012.00,72,1
23.48,100921.48,75.54,0.00,0.00,0.00,0.00,0.00,973740.00,80,1
23.48,100921.89,75.51,0.00,0.00,0.00,0.00,0.00,974467.00,112,1
23.48,100920.20,75.65,0.00,0.00,0.00,0.00,0.00,975198.00,104,1
23.49,100923.31,75.39,0.00,0.00,0.00,0.00,0.00,975926.00,232,1
23.49,100933.89,74.50,0.00,0.00,0.00,0.00,0.00,976654.00,8,1
23.49,100917.10,75.90,0.00,0.00,0.00,0.00,0.00,977381.00,8,1
23.50,100920.02,75.66,0.00,0.00,0.00,0.00,0.00,978107.00,168,1
23.51,100925.75,75.18,0.00,0.00,0.00,0.00,0.00,978835.00,32,1
23.51,100916.48,75.96,0.00,0.00,0.00,0.00,0.00,979562.00,200,1
23.51,100909.70,76.52,0.00,0.00,0.00,0.00,0.00,980290.00,184,1
23.52,100916.61,75.95,0.00,0.00,0.00,0.00,0.00,981021.00,192,1
23.52,100916.41,75.96,0.00,0.00,0.00,0.00,0.00,981749.00,8,1
23.53,100910.36,76.47,0.00,0.00,0.00,0.00,0.00,982475.00,120,1
23.53,100927.05,75.07,0.00,0.00,0.00,0.00,0.00,983203.00,208,1
23.54,100922.27,75.47,0.00,0.00,0.00,0.00,0.00,983932.00,224,1
23.54,100918.84,75.76,0.00,0.00,0.00,0.00,0.00,984660.00,8,1
23.55,100926.44,75.13,0.00,0.00,0.00,0.00,0.00,985387.00,192,1
23.55,100927.45,75.04,0.00,0.00,0.00,0.00,0.00,986118.00,160,1
23.55,100920.84,75.59,0.00,0.00,0.00,0.00,0.00,986846.00,168,1
23.56,100924.09,75.32,0.00,0.00,0.00,0.00,0.00,987574.00,48,1
23.57,100920.15,75.65,0.00,0.00,0.00,0.00,0.00,988301.00,200,1
23.58,100924.52,75.29,0.00,0.00,0.00,0.00,0.00,989029.00,184,1
23.57,100899.34,77.39,0.00,0.00,0.00,0.00,0.00,989758.00,112,1
23.58,100877.02,79.25,0.00,0.00,0.00,0.00,0.00,990486.00,216,1
23.58,100893.00,77.92,0.00,0.00,0.00,0.00,0.00,991214.00,240,1
23.59,100896.70,77.61,0.00,0.00,0.00,0.00,0.00,991945.00,208,1
23.59,100912.13,76.32,0.00,0.00,0.00,0.00,0.00,992673.00,176,1
23.60,100915.66,76.03,0.00,0.00,0.00,0.00,0.00,993401.00,88,1
23.61,100908.39,76.63,0.00,0.00,0.00,0.00,0.00,994128.00,192,1
23.61,100896.17,77.65,0.00,0.00,0.00,0.00,0.00,994856.00,184,1
23.61,100897.09,77.57,0.00,0.00,0.00,0.00,0.00,995586.00,56,1
23.61,100917.34,75.89,0.00,0.00,0.00,0.00,0.00,996313.00,120,1
23.62,100910.62,76.45,0.00,0.00,0.00,0.00,0.00,997043.00,48,1
23.63,100929.31,74.89,0.00,0.00,0.00,0.00,0.00,997771.00,80,1
23.63,100923.55,75.37,0.00,0.00,0.00,0.00,0.00,998498.00,48,1
23.63,100919.09,75.74,0.00,0.00,0.00,0.00,0.00,999225.00,160,1
23.64,100892.25,77.98,0.00,0.00,0.00,0.00,0.00,999953.00,96,1
23.65,100927.80,75.01,0.00,0.00,0.00,0.00,0.00,1000680.00,24,1
23.66,100927.02,75.08,0.00,0.00,0.00,0.00,0.00,1001409.00,144,1
23.66,100916.84,75.93,0.00,0.00,0.00,0.00,0.00,1002140.00,120,1
23.67,100912.12,76.32,0.00,0.00,0.00,0.00,0.00,1002869.00,144,1
23.67,100898.78,77.43,0.00,0.00,0.00,0.00,0.00,1003599.00,240,1
23.67,100910.39,76.46,0.00,0.00,0.00,0.00,0.00,1004328.00,216,1
23.68,100917.64,75.86,0.00,0.00,0.00,0.00,0.00,1005058.00,152,1
23.68,100910.11,76.49,0.00,0.00,0.00,0.00,0.00,1005787.00,176,1
23.69,100906.00,76.83,0.00,0.00,0.00,0.00,0.00,1006517.00,96,1
23.69,100905.86,76.84,0.00,0.00,0.00,0.00,0.00,1007245.00,176,1
23.70,100903.72,77.02,0.00,0.00,0.00,0.00,0.00,1007976.00,128,1
23.70,100908.37,76.63,0.00,0.00,0.00,0.00,0.00,1008706.00,80,1
23.71,100895.50,77.71,0.00,0.00,0.00,0.00,0.00,1009434.00,16,1
23.71,100893.97,77.84,0.00,0.00,0.00,0.00,0.00,1010162.00,232,1
23.72,100906.32,76.81,0.00,0.00,0.00,0.00,0.00,1010891.00,24,1
23.72,100904.52,76.96,0.00,0.00,0.00,0.00,0.00,1011619.00,216,1
23.73,100909.84,76.51,0.00,0.00,0.00,0.00,0.00,1012348.00,136,1
23.73,100899.83,77.35,0.00,0.00,0.00,0.00,0.00,1013084.00,104,1
23.74,100897.48,77.54,0.00,0.00,0.00,0.00,0.00,1013813.00,88,1
23.75,100914.24,76.15,0.00,0.00,0.00,0.00,0.00,1014541.00,184,1
23.75,100915.09,76.07,0.00,0.00,0.00,0.00,0.00,1015270.00,200,1
23.75,100917.77,75.85,0.00,0.00,0.00,0.00,0.00,1016000.00,232,1
23.75,100923.30,75.39,0.00,0.00,0.00,0.00,0.00,1016729.00,176,1
23.76,100923.84,75.34,0.00,0.00,0.00,0.00,0.00,1017458.00,160,1
23.76,100921.80,75.51,0.00,0.00,0.00,0.00,0.00,1018189.00,120,1
23.77,100916.16,75.98,0.00,0.00,0.00,0.00,0.00,1018919.00,144,1
23.77,100906.38,76.80,0.00,0.00,0.00,0.00,0.00,1019649.00,64,1
23.78,100920.84,75.59,0.00,0.00,0.00,0.00,0.00,1020377.00,208,1
23.78,100918.29,75.81,0.00,0.00,0.00,0.00,0.00,1021106.00,160,1
23.80,100918.31,75.80,0.00,0.00,0.00,0.00,0.00,1021835.00,104,1
23.80,100908.81,76.60,0.00,0.00,0.00,0.00,0.00,1022565.00,48,1
23.80,100907.31,76.72,0.00,0.00,0.00,0.00,0.00,1023293.00,8,1
23.80,100910.70,76.44,0.00,0.00,0.00,0.00,0.00,1024022.00,0,1
23.81,100920.52,75.62,0.00,0.00,0.00,0.00,0.00,1024749.00,128,1
23.82,100896.14,77.65,0.00,0.00,0.00,0.00,0.00,1025479.00,240,1
23.82,100898.00,77.50,0.00,0.00,0.00,0.00,0.00,1026208.00,96,1
23.83,100905.64,76.86,0.00,0.00,0.00,0.00,0.00,1026936.00,128,1
23.82,100918.06,75.83,0.00,0.00,0.00,0.00,0.00,1027665.00,176,1
23.83,100922.77,75.43,0.00,0.00,0.00,0.00,0.00,1028395.00,128,1
23.84,100919.67,75.69,0.00,0.00,0.00,0.00,0.00,1029127.00,96,1
23.85,100920.22,75.65,0.00,0.00,0.00,0.00,0.00,1029855.00,240,1
23.85,100925.20,75.23,0.00,0.00,0.00,0.00,0.00,1030584.00,120,1
23.85,100916.55,75.95,0.00,0.00,0.00,0.00,0.00,1031314.00,144,1
23.86,100923.57,75.37,0.00,0.00,0.00,0.00,0.00,1032043.00,208,1
23.86,100899.88,77.34,0.00,0.00,0.00,0.00,0.00,1032772.00,32,1
23.87,100918.47,75.79,0.00,0.00,0.00,0.00,0.00,1033500.00,40,1
23.87,100922.98,75.41,0.00,0.00,0.00,0.00,0.00,1034228.00,32,1
23.87,100924.58,75.28,0.00,0.00,0.00,0.00,0.00,1034959.00,64,1
23.87,100926.92,75.09,0.00,0.00,0.00,0.00,0.00,1035687.00,120,1
23.88,100914.94,76.09,0.00,0.00,0.00,0.00,0.00,1036417.00,80,1
23.88,100895.75,77.69,0.00,0.00,0.00,0.00,0.00,1037146.00,64,1
23.89,100882.67,78.78,0.00,0.00,0.00,0.00,0.00,1037874.00,240,1
23.90,100906.67,76.78,0.00,0.00,0.00,0.00,0.00,1038603.00,80,1
23.90,100910.67,76.44,0.00,0.00,0.00,0.00,0.00,1039331.00,24,1
23.90,100917.19,75.90,0.00,0.00,0.00,0.00,0.00,1040062.00,0,1
23.90,100923.23,75.39,0.00,0.00,0.00,0.00,0.00,1040789.00,32,1
23.91,100919.09,75.74,0.00,0.00,0.00,0.00,0.00,1041517.00,8,1
23.91,100918.98,75.75,0.00,0.00,0.00,0.00,0.00,1042244.00,248,1
23.92,100920.58,75.61,0.00,0.00,0.00,0.00,0.00,1042973.00,80,1
23.92,100927.44,75.04,0.00,0.00,0.00,0.00,0.00,1043702.00,136,1
23.93,100924.44,75.29,0.00,0.00,0.00,0.00,0.00,1044431.00,56,1
23.94,100921.14,75.57,0.00,0.00,0.00,0.00,0.00,1045161.00,48,1
23.94,100909.77,76.52,0.00,0.00,0.00,0.00,0.00,1045891.00,80,1
23.94,100908.48,76.63,0.00,0.00,0.00,0.00,0.00,1046619.00,48,1
23.94,100915.20,76.06,0.00,0.00,0.00,0.00,0.00,1047347.00,0,1
23.95,100924.05,75.47,0.00,0.00,0.00,0.00,0.00,1048074.00,56,1
23.95,100902.73,77.10,0.00,0.00,0.00,0.00,0.00,1048802.00,224,1
23.96,100901.80,76.09,0.00,0.00,0.00,0.00,0.00,1049532.00,72,1
23.96,100883.98,78.67,0.00,0.00,0.00,0.00,0.00,1050260.00,184,1
23.96,100906.56,76.72,0.00,0.00,0.00,0.00,0.00,1050991.00,80,1
23.98,100903.66,77.03,0.00,0.00,0.00,0.00,0.00,1051719.00,168,1
23.97,100890.22,77.99,0.00,0.00,0.00,0.00,0.00,1052449.00,240,1
23.98,100912.48,76.29,0.00,0.00,0.00,0.00,0.00,1053178.00,192,1
23.99,100911.25,77.18,0.00,0.00,0.00,0.00,0.00,1053907.00,96,1
23.99,100898.42,77.46,0.00,0.00,0.00,0.00,0.00,1054636.00,64,1
23.99,100909.39,76.55,0.00,0.00,0.00,0.00,0.00,1055364.00,136,1
24.00,100910.50,76.46,0.00,0.00,0.00,0.00,0.00,1056096.00,240,1
24.00,100908.70,76.88,0.00,0.00,0.00,0.00,0.00,1056825.00,40,1
24.01,100916.41,75.96,0.00,0.00,0.00,0.00,0.00,1057553.00,40,1
24.02,100915.52,76.04,0.00,0.00,0.00,0.00,0.00,1058281.00,64,1
24.02,100911.58,76.37,0.00,0.00,0.00,0.00,0.00,1059009.00,48,1
24.03,100912.22,76.31,0.00,0.00,0.00,0.00,0.00,1059737.00,200,1
24.03,100905.59,76.87,0.00,0.00,0.00,0.00,0.00,1060466.00,48,1
24.03,100909.49,76.54,0.00,0.00,0.00,0.00,0.00,1061195.00,80,1
24.04,100900.25,77.31,0.00,0.00,0.00,0.00,0.00,1061921.00,168,1
24.05,100918.21,75.81,0.00,0.00,0.00,0.00,0.00,1062650.00,224,1
24.05,100922.96,75.42,0.00,0.00,0.00,0.00,0.00,1063379.00,72,1
24.05,100916.51,75.95,0.00,0.00,0.00,0.00,0.00,1064109.00,40,1
24.06,100921.73,75.52,0.00,0.00,0.00,0.00,0.00,1064837.00,96,1
24.06,100927.47,75.04,0.00,0.00,0.00,0.00,0.00,1065565.00,216,1
24.07,100919.79,75.68,0.00,0.00,0.00,0.00,0.00,1066294.00,216,1
24.07,100917.65,75.86,0.00,0.00,0.00,0.00,0.00,1067026.00,8,1
24.08,100916.02,76.00,0.00,0.00,0.00,0.00,0.00,1067753.00,112,1
24.08,100924.91,75.25,0.00,0.00,0.00,0.00,0.00,1068482.00,96,1
24.08,100914.55,76.12,0.00,0.00,0.00,0.00,0.00,1069210.00,8,1
24.09,100917.64,75.86,0.00,0.00,0.00,0.00,0.00,1069938.00,136,1
24.09,100910.51,76.45,0.00,0.00,0.00,0.00,0.00,1070667.00,184,1
24.09,100908.87,76.59,0.00,0.00,0.00,0.00,0.00,1071396.00,232,1
24.10,100925.23,75.23,0.00,0.00,0.00,0.00,0.00,1072129.00,24,1
24.10,100916.20,75.98,0.00,0.00,0.00,0.00,0.00,1072857.00,64,1
24.11,100918.53,75.79,0.00,0.00,0.00,0.00,0.00,1073585.00,112,1
24.12,100923.18,75.40,0.00,0.00,0.00,0.00,0.00,1074314.00,232,1
24.12,100920.36,75.63,0.00,0.00,0.00,0.00,0.00,1075044.00,16,1
24.13,100913.26,76.23,0.00,0.00,0.00,0.00,0.00,1075772.00,224,1
24.13,100917.34,75.89,0.00,0.00,0.00,0.00,0.00,1076501.00,32,1
24.13,100911.73,76.35,0.00,0.00,0.00,0.00,0.00,1077229.00,128,1
24.13,100917.81,75.85,0.00,0.00,0.00,0.00,0.00,1077961.00,144,1
24.14,100916.41,75.96,0.00,0.00,0.00,0.00,0.00,1078690.00,216,1
24.14,100914.70,76.11,0.00,0.00,0.00,0.00,0.00,1079419.00,8,1
24.15,100922.14,75.48,0.00,0.00,0.00,0.00,0.00,1080146.00,168,1
24.15,100922.85,75.43,0.00,0.00,0.00,0.00,0.00,1080877.00,112,1
24.16,100923.25,75.39,0.00,0.00,0.00,0.00,0.00,1081606.00,88,1
24.16,100920.88,75.59,0.00,0.00,0.00,0.00,0.00,1082334.00,232,1
24.16,100925.52,75.20,0.00,0.00,0.00,0.00,0.00,1083066.00,128,1
24.16,100924.50,75.29,0.00,0.00,0.00,0.00,0.00,1083795.00,240,1
24.17,100925.95,75.17,0.00,0.00,0.00,0.00,0.00,1084524.00,48,1
24.17,100931.16,74.73,0.00,0.00,0.00,0.00,0.00,1085252.00,104,1
24.18,100946.13,73.48,0.00,0.00,0.00,0.00,0.00,1085982.00,240,1
24.18,100935.42,74.38,0.00,0.00,0.00,0.00,0.00,1086711.00,224,1
24.19,100933.63,74.53,0.00,0.00,0.00,0.00,0.00,1087440.00,8,1
24.19,100933.31,74.55,0.00,0.00,0.00,0.00,0.00,1088898.00,104,1
24.20,100931.00,74.74,0.00,0.00,0.00,0.00,0.00,1089627.00,96,1
24.21,100929.70,74.85,0.00,0.00,0.00,0.00,0.00,1090355.00,72,1
24.21,100930.58,74.78,0.00,0.00,0.00,0.00,0.00,1091083.00,0,1
24.22,100932.92,74.59,0.00,0.00,0.00,0.00,0.00,1091811.00,48,1
24.22,100932.65,74.61,0.00,0.00,0.00,0.00,0.00,1092539.00,120,1
24.23,100929.92,74.83,0.00,0.00,0.00,0.00,0.00,1093268.00,64,1
24.23,100930.22,74.81,0.00,0.00,0.00,0.00,0.00,1093998.00,136,1
24.23,100930.91,74.75,0.00,0.00,0.00,0.00,0.00,1094728.00,232,1
24.32,100934.30,74.47,0.00,0.00,0.00,0.00,0.00,1109307.00,32,1
24.32,100934.98,74.41,0.00,0.00,0.00,0.00,0.00,1110037.00,128,1
24.34,100925.01,75.25,0.00,0.00,0.00,0.00,0.00,1112954.00,104,1
24.35,100927.14,75.07,0.00,0.00,0.00,0.00,0.00,1113683.00,232,1
24.34,100924.80,75.26,0.00,0.00,0.00,0.00,0.00,1114414.00,160,1
24.35,100925.95,75.17,0.00,0.00,0.00,0.00,0.00,1115145.00,152,1
24.36,100922.95,75.42,0.00,0.00,0.00,0.00,0.00,1115874.00,72,1
24.35,100916.09,75.99,0.00,0.00,0.00,0.00,0.00,1116603.00,160,1
24.36,100916.63,75.94,0.00,0.00,0.00,0.00,0.00,1117332.00,136,1
24.37,100921.59,75.53,0.00,0.00,0.00,0.00,0.00,1118061.00,24,1
24.37,100916.05,75.99,0.00,0.00,0.00,0.00,0.00,1118789.00,120,1
24.37,100906.02,76.83,0.00,0.00,0.00,0.00,0.00,1119518.00,176,1
24.38,100916.92,75.92,0.00,0.00,0.00,0.00,0.00,1120248.00,192,1
24.38,100913.34,76.22,0.00,0.00,0.00,0.00,0.00,1120979.00,0,1
24.39,100911.38,76.38,0.00,0.00,0.00,0.00,0.00,1121707.00,168,1
24.39,100913.14,76.23,0.00,0.00,0.00,0.00,0.00,1122437.00,112,1
24.39,100920.58,75.61,0.00,0.00,0.00,0.00,0.00,1123166.00,232,1
24.39,100916.50,75.95,0.00,0.00,0.00,0.00,0.00,1123895.00,48,1
24.40,100918.19,75.81,0.00,0.00,0.00,0.00,0.00,1124623.00,40,1
24.40,100908.58,76.62,0.00,0.00,0.00,0.00,0.00,1125351.00,32,1
24.41,100910.98,76.41,0.00,0.00,0.00,0.00,0.00,1126082.00,128,1
24.41,100909.28,76.56,0.00,0.00,0.00,0.00,0.00,1126811.00,176,1
24.42,100914.68,76.11,0.00,0.00,0.00,0.00,0.00,1127540.00,104,1
24.42,100915.36,76.05,0.00,0.00,0.00,0.00,0.00,1128270.00,200,1
24.42,100920.34,75.64,0.00,0.00,0.00,0.00,0.00,1128999.00,80,1
24.42,100919.66,75.69,0.00,0.00,0.00,0.00,0.00,1129728.00,216,1
24.43,100911.81,76.35,0.00,0.00,0.00,0.00,0.00,1130457.00,208,1
24.43,100915.45,76.04,0.00,0.00,0.00,0.00,0.00,1131189.00,8,1
24.43,100915.00,76.08,0.00,0.00,0.00,0.00,0.00,1131916.00,224,1
24.44,100913.95,76.17,0.00,0.00,0.00,0.00,0.00,1132645.00,64,1
24.45,100914.17,76.15,0.00,0.00,0.00,0.00,0.00,1133373.00,184,1
24.45,100913.05,76.24,0.00,0.00,0.00,0.00,0.00,1134103.00,120,1
24.45,100905.20,76.90,0.00,0.00,0.00,0.00,0.00,1134832.00,104,1
24.46,100906.02,76.83,0.00,0.00,0.00,0.00,0.00,1135561.00,120,1
24.47,100905.05,76.91,0.00,0.00,0.00,0.00,0.00,1136290.00,232,1
24.46,100907.02,76.74,0.00,0.00,0.00,0.00,0.00,1137022.00,144,1
24.47,100912.89,76.26,0.00,0.00,0.00,0.00,0.00,1137752.00,208,1
24.48,100911.09,76.41,0.00,0.00,0.00,0.00,0.00,1138481.00,240,1
24.48,100908.36,76.63,0.00,0.00,0.00,0.00,0.00,1139210.00,192,1
24.48,100912.11,76.32,0.00,0.00,0.00,0.00,0.00,1139939.00,208,1
24.49,100917.53,75.87,0.00,0.00,0.00,0.00,0.00,1140668.00,136,1
24.49,100917.53,75.87,0.00,0.00,0.00,0.00,0.00,1141397.00,80,1
24.49,100913.80,76.18,0.00,0.00,0.00,0.00,0.00,1142135.00,72,1
24.49,100912.91,76.26,0.00,0.00,0.00,0.00,0.00,1142863.00,80,1
24.49,100913.14,76.23,0.00,0.00,0.00,0.00,0.00,1143591.00,200,1
24.50,100914.63,76.11,0.00,0.00,0.00,0.00,0.00,1144327.00,208,1
24.50,100915.72,76.02,0.00,0.00,0.00,0.00,0.00,1145056.00,248,1
24.51,100917.69,75.86,0.00,0.00,0.00,0.00,0.00,1145785.00,112,1
24.51,100915.78,76.02,0.00,0.00,0.00,0.00,0.00,1146514.00,128,1
24.51,100912.11,76.32,0.00,0.00,0.00,0.00,0.00,1147246.00,48,1
24.52,100912.54,76.29,0.00,0.00,0.00,0.00,0.00,1147974.00,176,1
24.52,100913.56,76.20,0.00,0.00,0.00,0.00,0.00,1148703.00,208,1
24.53,100914.13,76.15,0.00,0.00,0.00,0.00,0.00,1149433.00,48,1
24.53,100916.61,75.95,0.00,0.00,0.00,0.00,0.00,1150161.00,120,1
24.53,100916.50,75.95,0.00,0.00,0.00,0.00,0.00,1150891.00,144,1
24.53,100919.97,75.67,0.00,0.00,0.00,0.00,0.00,1151620.00,144,1
24.54,100915.34,76.05,0.00,0.00,0.00,0.00,0.00,1152350.00,24,1
24.54,100920.72,75.60,0.00,0.00,0.00,0.00,0.00,1153080.00,40,1
24.55,100916.39,75.97,0.00,0.00,0.00,0.00,0.00,1153808.00,248,1
24.55,100919.03,75.74,0.00,0.00,0.00,0.00,0.00,1154538.00,24,1
24.55,100915.98,76.00,0.00,0.00,0.00,0.00,0.00,1155266.00,88,1
24.55,100916.72,75.94,0.00,0.00,0.00,0.00,0.00,1155994.00,8,1
24.56,100915.45,76.04,0.00,0.00,0.00,0.00,0.00,1156721.00,128,1
24.56,100916.31,75.97,0.00,0.00,0.00,0.00,0.00,1157450.00,160,1
24.56,100912.47,76.29,0.00,0.00,0.00,0.00,0.00,1158182.00,48,1
24.57,100912.25,76.31,0.00,0.00,0.00,0.00,0.00,1158910.00,120,1
24.57,100900.13,77.32,0.00,0.00,0.00,0.00,0.00,1159640.00,72,1
24.57,100906.30,76.81,0.00,0.00,0.00,0.00,0.00,1160369.00,64,1
24.58,100909.45,76.54,0.00,0.00,0.00,0.00,0.00,1161097.00,200,1
24.59,100914.79,76.10,0.00,0.00,0.00,0.00,0.00,1161826.00,120,1
24.59,100911.90,76.34,0.00,0.00,0.00,0.00,0.00,1162555.00,48,1
24.58,100906.91,76.76,0.00,0.00,0.00,0.00,0.00,1163286.00,240,1
24.59,100916.04,75.99,0.00,0.00,0.00,0.00,0.00,1164015.00,248,1
24.59,100917.73,75.85,0.00,0.00,0.00,0.00,0.00,1164744.00,88,1
24.59,100913.66,76.19,0.00,0.00,0.00,0.00,0.00,1165472.00,72,1
24.60,100913.05,76.24,0.00,0.00,0.00,0.00,0.00,1166201.00,208,1
24.60,100910.80,76.43,0.00,0.00,0.00,0.00,0.00,1166930.00,200,1
24.61,100914.73,76.10,0.00,0.00,0.00,0.00,0.00,1167660.00,96,1
24.61,100915.81,76.01,0.00,0.00,0.00,0.00,0.00,1168388.00,32,1
24.62,100914.96,76.08,0.00,0.00,0.00,0.00,0.00,1169119.00,88,1
24.61,100910.04,76.49,0.00,0.00,0.00,0.00,0.00,1169847.00,248,1
24.62,100905.58,76.87,0.00,0.00,0.00,0.00,0.00,1170576.00,32,1
24.63,100906.05,76.83,0.00,0.00,0.00,0.00,0.00,1171304.00,176,1
24.63,100911.99,76.33,0.00,0.00,0.00,0.00,0.00,1172034.00,0,1
24.63,100906.55,76.78,0.00,0.00,0.00,0.00,0.00,1172761.00,0,1
24.64,100910.77,76.43,0.00,0.00,0.00,0.00,0.00,1173488.00,128,1
24.64,100915.55,76.03,0.00,0.00,0.00,0.00,0.00,1174220.00,40,1
24.65,100920.09,75.66,0.00,0.00,0.00,0.00,0.00,1174948.00,40,1
24.66,100919.72,75.93,0.00,0.00,0.00,0.00,0.00,1175676.00,120,1
24.66,100910.88,76.43,0.00,0.00,0.00,0.00,0.00,1176406.00,104,1
24.66,100912.06,76.25,0.00,0.00,0.00,0.00,0.00,1177135.00,144,1
24.67,100919.23,75.73,0.00,0.00,0.00,0.00,0.00,1177865.00,80,1
24.67,100920.35,75.64,0.00,0.00,0.00,0.00,0.00,1178593.00,16,1
24.67,100920.72,75.60,0.00,0.00,0.00,0.00,0.00,1179321.00,152,1
24.68,100916.02,75.99,0.00,0.00,0.00,0.00,0.00,1180053.00,224,1
24.67,100919.13,75.74,0.00,0.00,0.00,0.00,0.00,1180782.00,184,1
24.67,100913.17,76.23,0.00,0.00,0.00,0.00,0.00,1181511.00,96,1
24.68,100911.77,76.35,0.00,0.00,0.00,0.00,0.00,1182239.00,56,1
24.73,100911.14,76.40,0.00,0.00,0.00,0.00,0.00,1193174.00,128,1
24.74,100917.19,75.90,0.00,0.00,0.00,0.00,0.00,1193904.00,216,1
24.74,100924.05,75.33,0.00,0.00,0.00,0.00,0.00,1194633.00,16,1
24.75,100926.08,75.16,0.00,0.00,0.00,0.00,0.00,1195361.00,48,1
24.75,100925.41,75.21,0.00,0.00,0.00,0.00,0.00,1196092.00,120,1
24.75,100927.06,75.07,0.00,0.00,0.00,0.00,0.00,1196821.00,208,1
24.75,100915.50,76.04,0.00,0.00,0.00,0.00,0.00,1197550.00,112,1
24.75,100912.51,76.29,0.00,0.00,0.00,0.00,0.00,1198279.00,32,1
24.75,100915.40,76.05,0.00,0.00,0.00,0.00,0.00,1199008.00,248,1
24.76,100916.05,75.99,0.00,0.00,0.00,0.00,0.00,1199737.00,240,1
24.76,100911.24,76.39,0.00,0.00,0.00,0.00,0.00,1200466.00,0,1
24.77,100912.87,76.26,0.00,0.00,0.00,0.00,0.00,1201197.00,32,1
24.78,100916.88,75.92,0.00,0.00,0.00,0.00,0.00,1201925.00,248,1
24.77,100920.03,75.66,0.00,0.00,0.00,0.00,0.00,1202654.00,216,1
24.78,100916.88,75.92,0.00,0.00,0.00,0.00,0.00,1203383.00,128,1
24.78,100912.48,76.29,0.00,0.00,0.00,0.00,0.00,1204113.00,8,1
24.78,100912.14,76.32,0.00,0.00,0.00,0.00,0.00,1204840.00,240,1
24.78,100918.70,75.77,0.00,0.00,0.00,0.00,0.00,1205569.00,8,1
24.79,100916.62,75.95,0.00,0.00,0.00,0.00,0.00,1206299.00,120,1
24.79,100911.80,76.35,0.00,0.00,0.00,0.00,0.00,1207028.00,128,1
24.79,100910.56,76.45,0.00,0.00,0.00,0.00,0.00,1207757.00,200,1
24.80,100907.97,76.67,0.00,0.00,0.00,0.00,0.00,1208487.00,16,1
24.80,100905.22,76.90,0.00,0.00,0.00,0.00,0.00,1209216.00,208,1
24.80,100903.73,77.02,0.00,0.00,0.00,0.00,0.00,1209945.00,8,1
24.81,100907.76,76.68,0.00,0.00,0.00,0.00,0.00,1210672.00,128,1
24.81,100915.58,76.03,0.00,0.00,0.00,0.00,0.00,1211402.00,112,1
24.82,100917.23,75.89,0.00,0.00,0.00,0.00,0.00,1212133.00,160,1
24.82,100915.20,76.06,0.00,0.00,0.00,0.00,0.00,1212862.00,168,1
24.83,100920.56,75.62,0.00,0.00,0.00,0.00,0.00,1213592.00,176,1
24.83,100922.94,75.42,0.00,0.00,0.00,0.00,0.00,1214321.00,88,1
24.83,100921.58,75.53,0.00,0.00,0.00,0.00,0.00,1215049.00,64,1
24.83,100921.64,75.53,0.00,0.00,0.00,0.00,0.00,1215777.00,160,1
24.84,100922.45,75.46,0.00,0.00,0.00,0.00,0.00,1216507.00,16,1
24.84,100918.61,75.78,0.00,0.00,0.00,0.00,0.00,1217238.00,64,1
24.84,100922.69,75.44,0.00,0.00,0.00,0.00,0.00,1217966.00,16,1
24.85,100918.56,75.78,0.00,0.00,0.00,0.00,0.00,1218695.00,96,1
24.85,100918.23,75.81,0.00,0.00,0.00,0.00,0.00,1219423.00,152,1
24.85,100911.66,76.36,0.00,0.00,0.00,0.00,0.00,1220152.00,8,1
24.85,100902.04,77.16,0.00,0.00,0.00,0.00,0.00,1220879.00,144,1
24.86,100912.73,76.27,0.00,0.00,0.00,0.00,0.00,1221609.00,144,1
24.86,100913.72,76.19,0.00,0.00,0.00,0.00,0.00,1222338.00,168,1
24.86,100913.05,76.24,0.00,0.00,0.00,0.00,0.00,1223065.00,104,1
24.87,100913.69,76.19,0.00,0.00,0.00,0.00,0.00,1223794.00,104,1
24.87,100909.44,76.54,0.00,0.00,0.00,0.00,0.00,1224524.00,16,1
24.87,100909.77,76.52,0.00,0.00,0.00,0.00,0.00,1225252.00,136,1
24.87,100907.29,76.72,0.00,0.00,0.00,0.00,0.00,1225981.00,104,1
24.87,100915.34,76.05,0.00,0.00,0.00,0.00,0.00,1226711.00,120,1
24.88,100920.27,75.64,0.00,0.00,0.00,0.00,0.00,1227440.00,248,1
24.88,100920.95,75.58,0.00,0.00,0.00,0.00,0.00,1228172.00,40,1
24.88,100917.34,75.89,0.00,0.00,0.00,0.00,0.00,1228900.00,72,1
24.88,100912.13,76.32,0.00,0.00,0.00,0.00,0.00,1229628.00,200,1
24.89,100912.16,76.32,0.00,0.00,0.00,0.00,0.00,1230357.00,144,1
24.89,100916.75,75.94,0.00,0.00,0.00,0.00,0.00,1231087.00,96,1
24.89,100916.07,75.99,0.00,0.00,0.00,0.00,0.00,1231815.00,128,1
24.90,100922.14,75.48,0.00,0.00,0.00,0.00,0.00,1232544.00,104,1
24.90,100921.29,75.56,0.00,0.00,0.00,0.00,0.00,1233275.00,168,1
24.91,100914.34,76.13,0.00,0.00,0.00,0.00,0.00,1234006.00,184,1
24.91,100905.41,76.88,0.00,0.00,0.00,0.00,0.00,1234735.00,80,1
24.91,100911.19,76.40,0.00,0.00,0.00,0.00,0.00,1235463.00,192,1
24.91,100912.44,76.30,0.00,0.00,0.00,0.00,0.00,1236192.00,240,1
24.91,100913.22,76.23,0.00,0.00,0.00,0.00,0.00,1236921.00,0,1
24.92,100918.55,75.79,0.00,0.00,0.00,0.00,0.00,1237649.00,72,1
24.93,100918.41,75.80,0.00,0.00,0.00,0.00,0.00,1238377.00,160,1
24.92,100914.20,76.15,0.00,0.00,0.00,0.00,0.00,1239108.00,168,1
24.93,100919.90,75.67,0.00,0.00,0.00,0.00,0.00,1239838.00,216,1
24.93,100921.26,75.56,0.00,0.00,0.00,0.00,0.00,1240567.00,24,1
24.93,100919.90,75.67,0.00,0.00,0.00,0.00,0.00,1241295.00,0,1
24.94,100918.16,75.78,0.00,0.00,0.00,0.00,0.00,1242022.00,80,1
24.94,100918.25,75.81,0.00,0.00,0.00,0.00,0.00,1242750.00,192,1
24.94,100920.71,75.92,0.00,0.00,0.00,0.00,0.00,1243481.00,80,1
24.94,100923.59,75.36,0.00,0.00,0.00,0.00,0.00,1244211.00,96,1
24.95,100921.62,75.53,0.00,0.00,0.00,0.00,0.00,1244940.00,112,1
24.95,100919.98,75.66,0.00,0.00,0.00,0.00,0.00,1245669.00,160,1
24.95,100916.03,75.99,0.00,0.00,0.00,0.00,0.00,1246398.00,0,1
24.96,100917.28,75.89,0.00,0.00,0.00,0.00,0.00,1247125.00,112,1
24.96,100919.66,75.69,0.00,0.00,0.00,0.00,0.00,1247854.00,0,1
24.97,100922.85,75.43,0.00,0.00,0.00,0.00,0.00,1248581.00,48,1
24.97,100922.64,75.44,0.00,0.00,0.00,0.00,0.00,1249312.00,160,1
24.97,100919.65,75.69,0.00,0.00,0.00,0.00,0.00,1250041.00,80,1
24.97,100921.17,75.57,0.00,0.00,0.00,0.00,0.00,1250770.00,160,1
24.98,100921.03,75.58,0.00,0.00,0.00,0.00,0.00,1251500.00,192,1
24.98,100922.83,75.43,0.00,0.00,0.00,0.00,0.00,1252229.00,48,1
24.98,100920.70,75.61,0.00,0.00,0.00,0.00,0.00,1252957.00,192,1
24.98,100920.52,75.62,0.00,0.00,0.00,0.00,0.00,1253686.00,128,1
24.98,100921.81,75.51,0.00,0.00,0.00,0.00,0.00,1254416.00,16,1
24.99,100918.44,75.79,0.00,0.00,0.00,0.00,0.00,1255146.00,16,1
24.99,100913.23,76.23,0.00,0.00,0.00,0.00,0.00,1255874.00,144,1
25.00,100917.38,75.88,0.00,0.00,0.00,0.00,0.00,1256604.00,48,1
25.00,100915.64,76.03,0.00,0.00,0.00,0.00,0.00,1257332.00,240,1
25.01,100917.33,75.89,0.00,0.00,0.00,0.00,0.00,1258061.00,80,1
25.01,100914.50,76.12,0.00,0.00,0.00,0.00,0.00,1258789.00,176,1
25.01,100910.66,76.44,0.00,0.00,0.00,0.00,0.00,1259518.00,16,1
25.01,100907.27,76.73,0.00,0.00,0.00,0.00,0.00,1260250.00,208,1
25.02,100919.13,75.74,0.00,0.00,0.00,0.00,0.00,1260979.00,208,1
25.02,100920.27,75.64,0.00,0.00,0.00,0.00,0.00,1261708.00,0,1
25.02,100920.72,75.60,0.00,0.00,0.00,0.00,0.00,1262436.00,144,1
25.03,100908.78,76.60,0.00,0.00,0.00,0.00,0.00,1263165.00,0,1
25.03,100915.47,76.04,0.00,0.00,0.00,0.00,0.00,1263892.00,96,1
25.03,100916.19,75.98,0.00,0.00,0.00,0.00,0.00,1264620.00,16,1
25.04,100914.68,76.11,0.00,0.00,0.00,0.00,0.00,1265351.00,16,1
25.04,100919.74,75.69,0.00,0.00,0.00,0.00,0.00,1266079.00,64,1
25.04,100923.92,75.34,0.00,0.00,0.00,0.00,0.00,1266807.00,16,1
25.04,100920.66,75.61,0.00,0.00,0.00,0.00,0.00,1267535.00,80,1
25.04,100917.94,75.84,0.00,0.00,0.00,0.00,0.00,1268263.00,176,1
25.05,100924.80,75.26,0.00,0.00,0.00,0.00,0.00,1268993.00,80,1
25.05,100926.16,75.15,0.00,0.00,0.00,0.00,0.00,1269721.00,48,1
25.05,100923.67,75.36,0.00,0.00,0.00,0.00,0.00,1270450.00,16,1
25.06,100928.39,74.96,0.00,0.00,0.00,0.00,0.00,1271180.00,224,1
25.06,100929.72,74.85,0.00,0.00,0.00,0.00,0.00,1271909.00,32,1
25.06,100929.31,74.89,0.00,0.00,0.00,0.00,0.00,1272637.00,96,1
25.06,100923.77,75.35,0.00,0.00,0.00,0.00,0.00,1273366.00,32,1
25.07,100908.59,76.62,0.00,0.00,0.00,0.00,0.00,1274094.00,32,1
25.07,100916.58,75.95,0.00,0.00,0.00,0.00,0.00,1274822.00,96,1
25.07,100913.45,76.21,0.00,0.00,0.00,0.00,0.00,1275550.00,160,1
25.08,100916.88,75.92,0.00,0.00,0.00,0.00,0.00,1276282.00,192,1
25.08,100910.14,76.49,0.00,0.00,0.00,0.00,0.00,1277011.00,32,1
25.09,100918.33,75.80,0.00,0.00,0.00,0.00,0.00,1277740.00,208,1
25.09,100922.41,75.46,0.00,0.00,0.00,0.00,0.00,1278469.00,16,1
25.09,100921.83,75.51,0.00,0.00,0.00,0.00,0.00,1279198.00,144,1
25.09,100917.92,75.84,0.00,0.00,0.00,0.00,0.00,1279927.00,0,1
25.09,100919.95,75.67,0.00,0.00,0.00,0.00,0.00,1280654.00,176,1
25.09,100923.93,75.34,0.00,0.00,0.00,0.00,0.00,1281383.00,224,1
25.10,100922.98,75.42,0.00,0.00,0.00,0.00,0.00,1282115.00,128,1
25.10,100923.45,75.38,0.00,0.00,0.00,0.00,0.00,1282844.00,96,1
25.10,100919.70,75.69,0.00,0.00,0.00,0.00,0.00,1283572.00,112,1
25.11,100921.20,75.56,0.00,0.00,0.00,0.00,0.00,1284302.00,32,1
25.11,100914.05,76.16,0.00,0.00,0.00,0.00,0.00,1285030.00,0,1
25.11,100918.30,75.80,0.00,0.00,0.00,0.00,0.00,1285757.00,128,1
25.12,100921.83,75.55,0.00,0.00,0.00,0.00,0.00,1286487.00,224,1
25.12,100926.20,75.15,0.00,0.00,0.00,0.00,0.00,1287219.00,96,1
25.12,100921.96,75.12,0.00,0.00,0.00,0.00,0.00,1287947.00,32,1
25.13,100922.19,75.48,0.00,0.00,0.00,0.00,0.00,1288675.00,176,1
25.13,100318.50,125.98,0.00,0.00,0.00,0.00,0.00,1289405.00,192,1
25.13,100164.05,138.94,0.00,0.00,0.00,0.00,0.00,1290135.00,176,1
25.14,101484.00,32.62,0.00,0.00,0.00,0.00,0.00,1290865.00,224,1
25.14,100430.22,116.62,0.00,0.00,0.00,0.00,0.00,1291594.00,224,1
25.13,98564.38,274.05,0.00,0.00,0.00,0.00,0.00,1292327.00,208,1
25.14,97255.77,386.03,0.00,0.00,0.00,0.00,0.00,1293057.00,144,1
25.14,96118.66,497.59,0.00,0.00,0.00,0.00,0.00,1293786.00,176,1
25.14,94966.64,584.77,0.00,0.00,0.00,0.00,0.00,1294516.00,224,1
25.14,94070.72,663.60,0.00,0.00,0.00,0.00,0.00,1295245.00,128,1
25.15,93156.67,744.66,0.00,0.00,0.00,0.00,0.00,1295974.00,224,1
25.15,92439.18,808.75,0.00,0.00,0.00,0.00,0.00,1296704.00,208,1
25.15,91703.91,874.84,0.00,0.00,0.00,0.00,0.00,1297433.00,32,1
25.15,91135.81,926.20,0.00,0.00,0.00,0.00,0.00,1298163.00,112,1
25.15,90563.07,978.24,0.00,0.00,0.00,0.00,0.00,1298893.00,64,1
25.15,90128.64,1017.89,0.00,0.00,0.00,0.00,0.00,1299621.00,96,1
25.15,89706.83,1056.54,0.00,0.00,0.00,0.00,0.00,1300350.00,128,1
25.15,89390.71,1085.60,0.00,0.00,0.00,0.00,0.00,1301081.00,240,1
25.15,88709.66,1148.49,195.50,0.00,395.89,215.05,806.45,1301812.00,16,1
25.01,88640.48,1154.90,576.74,0.00,107.53,615.84,1300.10,1302549.00,0,1
24.92,88665.94,1152.54,747.80,0.00,102.64,224.83,1075.27,1303290.00,192,1
24.94,88697.44,1149.62,278.59,0.00,161.29,190.62,630.50,1304030.00,144,1
24.95,88749.69,1144.78,175.95,0.00,298.14,205.28,679.37,1304769.00,240,1
24.93,88819.75,1138.30,180.84,0.00,259.04,635.39,1075.27,1305508.00,176,1
24.90,88907.63,1130.17,171.07,0.00,263.93,254.15,689.15,1306249.00,160,1
24.88,88979.52,1123.52,234.60,0.00,234.60,175.95,645.16,1306988.00,112,1
24.86,89064.09,1115.71,185.73,0.00,439.88,239.49,865.10,1307729.00,176,1
24.84,89135.27,1109.14,205.28,0.00,224.83,381.23,811.34,1308468.00,144,1
24.78,89223.29,1101.02,166.18,0.00,694.04,478.98,1339.20,1309207.00,224,1
24.72,89307.78,1093.23,210.17,0.00,229.72,185.73,625.61,1309947.00,96,1
24.66,89385.22,1086.10,195.50,0.00,234.60,166.18,596.29,1310686.00,144,1
24.57,89463.45,1078.90,190.62,0.00,239.49,171.07,601.17,1311424.00,96,1
24.51,89539.77,1071.88,190.62,0.00,239.49,180.84,610.95,1312162.00,80,1
24.44,89612.69,1065.18,185.73,0.00,254.15,166.18,606.06,1312903.00,208,1
24.38,89693.63,1057.75,180.84,0.00,552.30,175.95,909.09,1313642.00,240,1
24.35,89759.03,1051.74,180.84,0.00,254.15,190.62,625.61,1314380.00,240,1
24.28,89838.66,1044.44,146.63,0.00,752.69,498.53,1397.85,1315120.00,144,1
24.24,89908.51,1038.04,171.07,0.00,703.81,185.73,1060.61,1315860.00,224,1
24.19,89984.59,1031.07,166.18,0.00,733.14,200.39,1099.71,1316600.00,112,1
24.15,90064.79,1023.73,180.84,0.00,254.15,171.07,606.06,1317342.00,16,1
24.12,90133.48,1017.44,161.29,0.00,684.26,234.60,1080.16,1318080.00,32,1
24.07,90214.95,1010.00,175.95,0.00,259.04,180.84,615.84,1318819.00,240,1
24.01,90279.14,1004.13,200.39,0.00,229.72,596.29,1026.39,1319559.00,144,1
23.97,90360.66,996.69,156.40,0.00,630.50,219.94,1006.84,1320298.00,208,1
23.92,90441.61,989.31,171.07,0.00,527.86,166.18,865.10,1321037.00,128,1
23.90,90515.88,982.54,151.52,0.00,733.14,175.95,1060.61,1321776.00,64,1
23.85,90594.70,975.36,175.95,0.00,342.13,171.07,689.15,1322516.00,32,1
23.81,90665.63,968.90,205.28,0.00,307.92,180.84,694.04,1323253.00,240,1
23.75,90742.03,961.95,195.50,0.00,268.82,171.07,635.39,1323991.00,128,1
23.72,90825.63,954.38,210.17,0.00,263.93,200.39,674.49,1324729.00,16,1
23.70,90893.95,948.14,410.56,0.00,175.95,166.18,752.69,1325466.00,64,1
23.65,90974.27,940.85,171.07,0.00,513.20,200.39,884.65,1326202.00,96,1
23.63,91045.14,934.42,175.95,0.00,522.97,161.29,860.22,1326943.00,224,1
23.62,91119.50,927.67,185.73,0.00,293.26,146.63,625.61,1327680.00,224,1
23.61,91187.69,921.50,268.82,0.00,234.60,156.40,659.82,1328418.00,48,1
23.58,91265.07,914.49,190.62,0.00,234.60,180.84,606.06,1329156.00,224,1
23.56,91343.72,907.37,180.84,0.00,430.11,166.18,777.13,1329893.00,96,1
23.54,91409.64,901.41,185.73,0.00,322.58,146.63,654.94,1330630.00,64,1
23.52,91493.46,893.83,180.84,0.00,268.82,156.40,606.06,1331367.00,192,1
23.49,91560.14,887.81,239.49,0.00,224.83,161.29,625.61,1332108.00,16,1
23.47,91643.11,880.32,166.18,0.00,503.42,166.18,835.78,1332845.00,176,1
23.45,91717.67,873.60,180.84,0.00,395.89,156.40,733.14,1333582.00,224,1
23.42,91778.18,868.14,224.83,0.00,283.48,161.29,669.60,1334321.00,96,1
23.39,91860.91,860.69,210.17,0.00,239.49,151.52,601.17,1335058.00,64,1
23.38,91926.58,854.78,210.17,0.00,229.72,166.18,606.06,1335794.00,224,1
23.35,92004.70,847.75,166.18,0.00,278.59,166.18,610.95,1336532.00,192,1
23.30,92072.22,840.31,175.95,0.00,283.48,171.07,630.50,1337273.00,224,1
23.24,92151.13,834.59,161.29,0.00,698.92,171.07,1031.28,1338011.00,224,1
23.20,92228.56,827.64,166.18,0.00,273.70,200.39,640.27,1338750.00,160,1
23.16,92296.34,821.55,180.84,0.00,259.04,151.52,591.40,1339488.00,192,1
23.11,92375.28,814.48,146.63,0.00,664.71,215.05,1026.39,1340226.00,240,1
23.06,92446.70,808.07,151.52,0.00,454.55,332.36,938.42,1340965.00,64,1
23.00,92529.61,800.65,195.50,0.00,239.49,171.07,606.06,1341705.00,32,1
22.95,92611.93,793.28,146.63,0.00,762.46,215.05,1124.14,1342441.00,160,1
22.88,92677.53,787.42,171.07,0.00,234.60,200.39,606.06,1343180.00,224,1
22.82,92759.86,780.06,166.18,0.00,347.02,185.73,698.92,1343919.00,96,1
22.78,92829.19,773.86,195.50,0.00,219.94,254.15,669.60,1344656.00,240,1
22.72,92914.91,766.21,210.17,0.00,215.05,195.50,620.72,1345393.00,32,1
22.65,92989.88,759.53,215.05,0.00,205.28,166.18,586.51,1346130.00,0,1
22.59,93059.64,753.31,219.94,0.00,210.17,205.28,635.39,1346869.00,144,1
22.51,93132.61,746.81,166.18,0.00,263.93,728.25,1158.36,1347607.00,96,1
22.42,93200.89,740.73,141.74,0.00,684.26,606.06,1432.06,1348344.00,96,1
22.31,93275.42,734.10,151.52,0.00,772.24,195.50,1119.26,1349083.00,48,1
22.22,93357.98,726.76,156.40,0.00,332.36,175.95,664.71,1349820.00,64,1
22.14,93428.20,720.52,180.84,0.00,224.83,180.84,586.51,1350557.00,0,1
22.04,93509.33,713.31,195.50,0.00,215.05,283.48,694.04,1351296.00,144,1
21.95,93577.13,707.30,156.40,0.00,312.81,708.70,1177.91,1352034.00,0,1
21.86,93652.97,700.57,146.63,0.00,664.71,645.16,1456.50,1352770.00,16,1
21.77,93732.38,693.71,151.52,0.00,742.91,215.05,1109.48,1353508.00,144,1
21.66,93799.34,687.60,161.29,0.00,620.72,185.73,967.74,1354248.00,160,1
21.57,93874.14,680.98,166.18,0.00,527.86,175.95,869.99,1354986.00,16,1
21.49,93942.05,674.98,166.18,0.00,244.38,185.73,596.29,1355722.00,240,1
21.40,94022.23,667.89,166.18,0.00,420.33,171.07,757.58,1356463.00,224,1
21.32,94101.21,661.11,166.18,0.00,562.07,156.40,884.65,1357201.00,160,1
21.23,94161.61,655.58,171.07,0.00,498.53,175.95,845.55,1357939.00,192,1
21.14,94229.86,649.56,175.95,0.00,224.83,175.95,576.74,1358678.00,176,1
21.07,94292.83,644.00,171.07,0.00,224.83,185.73,581.62,1359415.00,208,1
20.98,94362.75,637.84,185.73,0.00,215.05,190.62,591.40,1360153.00,160,1
20.89,94439.73,631.06,175.95,0.00,224.83,581.62,982.40,1360893.00,128,1
20.79,94507.93,625.06,156.40,0.00,283.48,708.70,1148.58,1361632.00,80,1
20.70,94586.77,618.12,151.52,0.00,591.40,571.85,1314.76,1362370.00,112,1
20.64,94654.78,612.14,161.29,0.00,566.96,483.87,1212.12,1363109.00,32,1
20.57,94725.45,605.93,156.40,0.00,650.05,317.69,1124.14,1363847.00,208,1
20.49,94794.17,599.90,166.18,0.00,566.96,180.84,913.98,1364586.00,192,1
20.43,94856.80,594.40,171.07,0.00,562.07,200.39,933.53,1365324.00,144,1
20.38,94931.19,587.87,136.85,0.00,278.59,190.62,606.06,1366065.00,192,1
20.31,94995.09,582.27,156.40,0.00,312.81,263.93,733.14,1366803.00,16,1
20.23,95068.34,575.85,161.29,0.00,571.85,273.70,1006.84,1367539.00,112,1
20.15,95144.76,569.16,151.52,0.00,708.70,190.62,1050.83,1368279.00,16,1
20.07,95213.11,563.18,156.40,0.00,498.53,180.84,835.78,1369017.00,160,1
19.99,95294.33,556.08,171.07,0.00,224.83,180.84,576.74,1369755.00,128,1
19.92,95359.75,550.36,175.95,0.00,215.05,180.84,571.85,1370493.00,64,1
19.85,95435.97,543.71,190.62,0.00,210.17,215.05,615.84,1371233.00,224,1
19.77,95516.03,536.72,224.83,0.00,195.50,171.07,591.40,1371970.00,32,1
19.70,95588.09,530.43,210.17,0.00,200.39,175.95,586.51,1372707.00,224,1
19.64,95664.67,523.76,200.39,0.00,205.28,469.21,874.88,1373446.00,32,1
19.59,95736.23,517.52,166.18,0.00,234.60,694.04,1094.82,1374183.00,96,1
19.52,95820.38,510.20,161.29,0.00,273.70,733.14,1168.13,1374920.00,128,1
19.46,95904.94,502.84,185.73,0.00,205.28,571.85,962.85,1375663.00,128,1
19.40,95969.22,497.25,156.40,0.00,371.46,698.92,1226.78,1376400.00,128,1
19.33,96046.38,490.55,156.40,0.00,493.65,674.49,1324.54,1377139.00,0,1
19.27,96115.58,484.54,171.07,0.00,215.05,478.98,865.10,1377876.00,160,1
19.21,96201.31,477.10,171.07,0.00,215.05,474.10,860.22,1378615.00,0,1
19.15,96285.48,469.80,156.40,0.00,537.63,522.97,1217.01,1379350.00,240,1
19.10,96359.72,463.37,151.52,0.00,654.94,224.83,1031.28,1380089.00,240,1
19.03,96440.72,456.36,151.52,0.00,635.39,180.84,967.74,1380831.00,0,1
18.98,96517.42,449.72,161.29,0.00,562.07,161.29,884.65,1381567.00,240,1
18.93,96598.93,442.67,161.29,0.00,498.53,175.95,835.78,1382305.00,32,1
18.87,96683.53,435.35,156.40,0.00,293.26,175.95,625.61,1383042.00,0,1
18.82,96757.38,428.98,175.95,0.00,205.28,185.73,566.96,1383778.00,0,1
18.76,96843.72,421.52,166.18,0.00,293.26,146.63,606.06,1384514.00,208,1
18.72,96916.33,415.26,161.29,0.00,454.55,151.52,767.35,1385254.00,208,1
18.66,96997.09,408.30,171.07,0.00,303.03,156.40,630.50,1385993.00,96,1
18.62,97077.48,401.37,166.18,0.00,215.05,171.07,552.30,1386729.00,128,1
18.57,97144.96,395.56,195.50,0.00,195.50,180.84,571.85,1387467.00,16,1
18.51,97215.27,389.52,175.95,0.00,215.05,576.74,967.74,1388204.00,80,1
18.47,97285.98,383.44,190.62,0.00,200.39,166.18,557.18,1388941.00,176,1
18.42,97361.89,376.91,171.07,0.00,205.28,146.63,522.97,1389679.00,80,1
18.36,97439.72,370.23,200.39,0.00,190.62,175.95,566.96,1390418.00,48,1
18.32,97502.28,364.86,210.17,0.00,180.84,175.95,566.96,1391156.00,192,1
18.28,97576.63,358.48,498.53,0.00,175.95,195.50,869.99,1391893.00,240,1
18.25,97646.63,352.48,229.72,0.00,185.73,195.50,610.95,1392631.00,208,1
18.20,97728.48,345.47,342.13,0.00,180.84,381.23,904.20,1393370.00,208,1
18.17,97811.36,338.37,224.83,0.00,185.73,606.06,1016.62,1394107.00,32,1
18.14,97884.01,332.15,219.94,0.00,185.73,591.40,997.07,1394845.00,16,1
18.11,97970.42,324.76,205.28,0.00,185.73,205.28,596.29,1395585.00,224,1
18.07,98052.03,317.79,200.39,0.00,190.62,537.63,928.64,1396323.00,240,1
18.04,98118.30,312.13,195.50,0.00,190.62,439.88,826.00,1397060.00,80,1
18.00,98193.94,305.68,361.68,0.00,171.07,195.50,728.25,1397797.00,224,1
17.96,98257.98,300.22,195.50,0.00,185.73,552.30,933.53,1398536.00,192,1
17.93,98329.98,294.08,195.50,0.00,190.62,205.28,591.40,1399274.00,112,1
17.90,98411.45,287.14,351.91,0.00,175.95,171.07,698.92,1400014.00,160,1
17.87,98473.59,281.85,303.03,0.00,175.95,185.73,664.71,1400752.00,96,1
17.84,98553.91,275.01,205.28,0.00,185.73,542.52,933.53,1401489.00,0,1
17.82,98619.18,269.46,234.60,0.00,166.18,391.01,791.79,1402225.00,16,1
17.80,98692.09,263.26,562.07,0.00,156.40,151.52,869.99,1402961.00,176,1
17.79,98776.90,256.06,229.72,0.00,215.05,459.43,904.20,1403700.00,112,1
17.78,98847.68,250.05,131.96,0.00,395.89,752.69,1280.55,1404438.00,0,1
17.75,98934.88,242.65,190.62,0.00,185.73,205.28,581.62,1405177.00,208,1
17.72,99013.44,235.99,200.39,0.00,185.73,376.34,762.46,1405916.00,224,1
17.70,99102.09,228.48,244.38,0.00,171.07,180.84,596.29,1406653.00,160,1
17.68,99189.73,221.06,200.39,0.00,180.84,273.70,654.94,1407391.00,16,1
17.66,99262.43,214.91,180.84,0.00,195.50,601.17,977.52,1408129.00,80,1
17.63,99353.91,207.18,136.85,0.00,312.81,757.58,1207.23,1408865.00,0,1
17.61,99423.16,201.33,141.74,0.00,420.33,654.94,1217.01,1409605.00,112,1
17.59,99514.55,193.61,151.52,0.00,420.33,562.07,1133.92,1410343.00,128,1
17.56,99601.81,186.25,136.85,0.00,640.27,454.55,1231.67,1411083.00,32,1
17.54,99678.98,179.74,146.63,0.00,542.52,215.05,904.20,1411821.00,32,1
17.52,99769.66,172.10,141.74,0.00,351.91,200.39,694.04,1412558.00,80,1
17.50,99853.81,165.02,146.63,0.00,210.17,175.95,532.75,1413295.00,64,1
17.50,99935.05,158.18,185.73,0.00,180.84,161.29,527.86,1414032.00,112,1
17.48,100027.25,150.43,136.85,0.00,268.82,136.85,542.52,1414772.00,240,1
17.47,100112.55,143.26,146.63,0.00,312.81,127.08,586.51,1415512.00,208,1
17.45,100204.28,135.56,156.40,0.00,254.15,146.63,557.18,1416250.00,0,1
17.43,100299.27,127.59,171.07,0.00,185.73,151.52,508.31,1416987.00,176,1
17.41,100379.11,120.90,180.84,0.00,175.95,146.63,503.42,1417726.00,32,1
17.40,100459.78,114.14,195.50,0.00,166.18,161.29,522.97,1418465.00,240,1
17.38,100527.22,108.49,210.17,0.00,161.29,166.18,537.63,1419206.00,0,1
17.37,100616.20,101.05,161.29,0.00,195.50,171.07,527.86,1419942.00,176,1
17.36,100707.26,93.43,259.04,0.00,185.73,244.38,689.15,1420682.00,96,1
17.36,100773.88,87.86,92.86,0.00,733.14,376.34,1202.35,1421419.00,0,1
17.36,100855.44,81.05,107.53,0.00,782.01,171.07,1060.61,1422154.00,144,1
17.35,100921.30,74.45,107.53,0.00,606.06,205.28,918.87,1422894.00,16,1
17.34,101000.10,68.98,151.52,0.00,190.62,356.79,698.92,1423631.00,192,1
17.34,101072.94,62.91,391.01,0.00,141.74,141.74,674.49,1424371.00,208,1
17.33,101140.67,57.27,156.40,0.00,273.70,327.47,757.58,1425108.00,224,1
17.34,101219.68,50.69,112.41,0.00,410.56,127.08,650.05,1425847.00,208,1
17.34,101306.42,43.47,175.95,0.00,161.29,112.41,449.66,1426585.00,160,1
